0,1,2,3,4,5,6,7,8,9,10,11
0.0,0.0,0.0,0.0,0.0,0.0,0.0,0.0,0.0,0.0,0.0,0.0
0.0,0.0,0.0,0.0,0.0,0.0,0.0,0.0,0.0,0.0,0.0,0.0
0.0,0.0,0.0,0.0,0.0,0.0,0.0,0.0,0.0,0.0,0.0,0.0
0.0,0.0,0.0,0.0,0.0,0.0,0.0,0.0,0.0,0.0,0.0,0.0
0.0,0.0,0.0,0.0,0.0,0.0,0.0,0.0,0.0,0.0,0.0,0.0
0.0,0.0,0.0,0.0,0.0,0.0,0.0,0.0,0.0,0.0,0.0,0.0
0.0,0.0,0.0,0.0,0.0,0.0,0.0,0.0,0.0,0.0,0.0,0.0
0.0,0.0,0.0,0.0,0.0,0.0,0.0,0.0,0.0,0.0,0.0,0.0
0.0,0.0,0.0,0.0,0.0,0.0,0.0,0.0,0.0,0.0,0.0,0.0
0.0,0.0,0.0,0.0,0.0,0.0,0.0,0.0,0.0,0.0,0.0,0.0
0.0,0.0,0.0,0.0,0.0,0.0,0.0,0.0,0.0,0.0,0.0,0.0
0.0,0.0,0.0,0.0,0.0,0.0,0.0,0.0,0.0,0.0,0.0,0.0
0.0,0.0,0.0,0.0,0.0,0.0,0.0,0.0,0.0,0.0,0.0,0.0
0.0,0.0,0.0,0.0,0.0,0.0,0.0,0.0,0.0,0.0,0.0,0.0
0.0,0.0,0.0,0.0,0.0,0.0,0.0,0.0,0.0,0.0,0.0,0.0
0.0,0.0,0.0,0.0,0.0,0.0,0.0,0.0,0.0,0.0,0.0,0.0
0.0,0.0,0.0,0.0,0.0,0.0,0.0,0.0,0.0,0.0,0.0,0.0
0.0,0.0,0.0,0.0,0.0,0.0,0.0,0.0,0.0,0.0,0.0,0.0
0.0,0.0,0.0,0.0,0.0,0.0,0.0,0.0,0.0,0.0,0.0,0.0
0.0,0.0,0.0,0.0,0.0,0.0,0.0,0.0,0.0,0.0,0.0,0.0
0.0,0.0,0.0,0.0,0.0,0.0,0.0,0.0,0.0,0.0,0.0,0.0
0.0,0.0,0.0,0.0,0.0,0.0,0.0,0.0,0.0,0.0,0.0,0.0
0.0,0.0,0.0,0.0,0.0,0.0,0.0,0.0,0.0,0.0,0.0,0.0
0.0,0.0,0.0,0.0,0.0,0.0,0.0,0.0,0.0,0.0,0.0,0.0
0.0,0.0,0.0,0.0,0.0,0.0,0.0,0.0,0.0,0.0,0.0,0.0
0.0,0.0,0.0,0.0,0.0,0.0,0.0,0.0,0.0,0.0,0.0,0.0
0.0,0.0,0.0,0.0,0.0,0.0,0.0,0.0,0.0,0.0,0.0,0.0
0.0,0.0,0.0,0.0,0.0,0.0,0.0,0.0,0.0,0.0,0.0,0.0
0.0,0.0,0.0,0.0,0.0,0.0,0.0,0.0,0.0,0.0,0.0,0.0
0.0,0.0,0.0,0.0,0.0,0.0,0.0,0.0,0.0,0.0,0.0,0.0
0.0,0.0,0.0,0.0,0.0,0.0,0.0,0.0,0.0,0.0,0.0,0.0
0.0,0.0,0.0,0.0,0.0,0.0,0.0,0.0,0.0,0.0,0.0,0.0
0.0,0.0,0.0,0.0,0.0,0.0,0.0,0.0,0.0,0.0,0.0,0.0
0.0,0.0,0.0,0.0,0.0,0.0,0.0,0.0,0.0,0.0,0.0,0.0
0.0,0.0,0.0,0.0,0.0,0.0,0.0,0.0,0.0,0.0,0.0,0.0
0.0,0.0,0.0,0.0,0.0,0.0,0.0,0.0,0.0,0.0,0.0,0.0
0.0,0.0,0.0,0.0,0.0,0.0,0.0,0.0,0.0,0.0,0.0,0.0
0.0,0.0,0.0,0.0,0.0,0.0,0.0,0.0,0.0,0.0,0.0,0.0
0.0,0.0,0.0,0.0,0.0,0.0,0.0,0.0,0.0,0.0,0.0,0.0
0.0,0.0,0.0,0.0,0.0,0.0,0.0,0.0,0.0,0.0,0.0,0.0
0.0,0.0,0.0,0.0,0.0,0.0,0.0,0.0,0.0,0.0,0.0,0.0
0.0,0.0,0.0,0.0,0.0,0.0,0.0,0.0,0.0,0.0,0.0,0.0
0.0,0.0,0.0,0.0,0.0,0.0,0.0,0.0,0.0,0.0,0.0,0.0
0.0,0.0,0.0,0.0,0.0,0.0,0.0,0.0,0.0,0.0,0.0,0.0
0.0,0.0,0.0,0.0,0.0,0.0,0.0,0.0,0.0,0.0,0.0,0.0
0.0,0.0,0.0,0.0,0.0,0.0,0.0,0.0,0.0,0.0,0.0,0.0
0.0,0.0,0.0,0.0,0.0,0.0,0.0,0.0,0.0,0.0,0.0,0.0
0.0,0.0,0.0,0.0,0.0,0.0,0.0,0.0,0.0,0.0,0.0,0.0
0.0,0.0,0.0,0.0,0.0,0.0,0.0,0.0,0.0,0.0,0.0,0.0
0.0,0.0,0.0,0.0,0.0,0.0,0.0,0.0,0.0,0.0,0.0,0.0
0.0,0.0,0.0,0.0,0.0,0.0,0.0,0.0,0.0,0.0,0.0,0.0
0.0,0.0,0.0,0.0,0.0,0.0,0.0,0.0,0.0,0.0,0.0,0.0
0.0,0.0,0.0,0.0,0.0,0.0,0.0,0.0,0.0,0.0,0.0,0.0
0.0,0.0,0.0,0.0,0.0,0.0,0.0,0.0,0.0,0.0,0.0,0.0
0.0,0.0,0.0,0.0,0.0,0.0,0.0,0.0,0.0,0.0,0.0,0.0
0.0,0.0,0.0,0.0,0.0,0.0,0.0,0.0,0.0,0.0,0.0,0.0
0.0,0.0,0.0,0.0,0.0,0.0,0.0,0.0,0.0,0.0,0.0,0.0
0.0,0.0,0.0,0.0,0.0,0.0,0.0,0.0,0.0,0.0,0.0,0.0
0.0,0.0,0.0,0.0,0.0,0.0,0.0,0.0,0.0,0.0,0.0,0.0
0.0,0.0,0.0,0.0,0.0,0.0,0.0,0.0,0.0,0.0,0.0,0.0
0.0,0.0,0.0,0.0,0.0,0.0,0.0,0.0,0.0,0.0,0.0,0.0
0.0,0.0,0.0,0.0,0.0,0.0,0.0,0.0,0.0,0.0,0.0,0.0
0.0,0.0,0.0,0.0,0.0,0.0,0.0,0.0,0.0,0.0,0.0,0.0
0.0,0.0,0.0,0.0,0.0,0.0,0.0,0.0,0.0,0.0,0.0,0.0
0.25137413,0.0066651064,0.0047130515,0.015173878,0.008217909,0.8268133,0.00096849806,0.0077708345,0.83064795,0.004341036,0.006716923,0.0023506673
0.43723333,0.0062492937,0.0041874717,0.018439623,0.0059348037,0.7698803,0.00092740264,0.008819862,0.81308746,0.00441243,0.007949519,0.0023745887
0.64663386,0.008921838,0.004447163,0.017469466,0.0071523176,0.82036704,0.0008901394,0.010296,0.8549045,0.003929759,0.007183323,0.0022547804
0.8256951,0.01003866,0.0034610722,0.0140248155,0.0057415785,0.90608406,0.0007050675,0.009020765,0.9086325,0.0030035703,0.0044451645,0.0017722608
0.8826833,0.008756105,0.0027321046,0.009969065,0.003806206,0.93301153,0.0005530063,0.006555179,0.93181765,0.0025484553,0.0027229437,0.0013896729
0.886118,0.0078042387,0.0023131643,0.008182518,0.0026878384,0.9330619,0.00045502128,0.005009115,0.93344074,0.002196373,0.0020824822,0.0010830454
0.87871933,0.007532013,0.0021566101,0.0077047804,0.0022633916,0.92933387,0.0004088811,0.004294726,0.9283904,0.0021518315,0.0018832738,0.0009879891
0.8777957,0.0077590267,0.002137609,0.0075564263,0.0021522935,0.9267053,0.0003934979,0.0040562693,0.92568105,0.0021946712,0.0018361307,0.00096592144
0.8803951,0.007960594,0.0021554898,0.0075734085,0.002097135,0.9258138,0.00038808037,0.0039504324,0.92549896,0.0022158574,0.001814539,0.00095392246
0.8828651,0.007941986,0.0021602612,0.007591558,0.0020209942,0.92522,0.00038357583,0.0038593814,0.9248171,0.0022283143,0.0017771773,0.00093878445
0.8841923,0.0078722285,0.0021480261,0.0075755017,0.0019482438,0.9244905,0.0003787543,0.0037819725,0.9237469,0.0022352906,0.0017430659,0.000921445
0.88516015,0.007819643,0.0021295766,0.0075661517,0.0018892996,0.92368376,0.0003748342,0.0037214132,0.9230712,0.0022366673,0.0017175341,0.0009042326
0.88631487,0.0077452,0.0021112475,0.007573015,0.0018387854,0.92275846,0.00037116016,0.0036728913,0.9225824,0.0022399672,0.0016931775,0.00088811084
0.88750684,0.0076639634,0.0020941843,0.00758574,0.0017916075,0.9217755,0.00036708318,0.0036367297,0.92205405,0.0022436802,0.0016694076,0.0008719902
0.88859415,0.007580713,0.0020764887,0.007606935,0.0017467287,0.92078346,0.0003630738,0.0036075106,0.921496,0.0022467757,0.0016471188,0.00085613225
0.88953835,0.00749697,0.0020590355,0.0076318206,0.0017055479,0.9197765,0.00035909042,0.003582964,0.9209344,0.0022493107,0.0016257936,0.00084076676
0.8903543,0.007417748,0.0020430058,0.0076590003,0.0016698334,0.9187496,0.0003553312,0.00356439,0.9203523,0.0022516889,0.0016074536,0.0008264202
0.89113665,0.007343351,0.0020267842,0.0076860287,0.0016360312,0.917735,0.00035168746,0.0035476442,0.91982347,0.0022532556,0.0015886811,0.00081211014
0.8918477,0.0072758812,0.0020125436,0.0077144234,0.0016062625,0.9167475,0.00034836275,0.0035346597,0.91932136,0.0022544437,0.0015725422,0.0007985778
0.89250183,0.007215255,0.0019994893,0.007741598,0.0015801989,0.9157949,0.00034532318,0.0035240764,0.91883785,0.0022552684,0.0015584552,0.00078562624
0.89308596,0.0071622566,0.0019878536,0.007764253,0.001557858,0.9148819,0.0003425422,0.003514463,0.9183773,0.0022554575,0.0015465027,0.0007735095
0.8936091,0.0071163257,0.0019778647,0.0077833636,0.0015380256,0.91399544,0.00033994706,0.0035075396,0.9179155,0.0022551215,0.0015361997,0.000761979
0.8940514,0.007080095,0.001969223,0.007794585,0.0015210428,0.91316086,0.00033758316,0.0035012236,0.9174588,0.0022538495,0.0015280182,0.00075128843
0.89439267,0.0070518884,0.0019618324,0.007798849,0.0015062577,0.91235423,0.00033537665,0.0034955016,0.9169966,0.0022511177,0.0015217562,0.00074115087
0.8946102,0.007029883,0.0019549886,0.0077922107,0.0014930298,0.9115479,0.0003333204,0.0034893171,0.9165195,0.0022466509,0.0015173785,0.00073132245
0.8946799,0.007019535,0.0019513849,0.007775936,0.001482107,0.9107526,0.000331236,0.003483199,0.915973,0.002241078,0.0015151225,0.00072280085
0.8946082,0.007017691,0.0019483208,0.0077482346,0.0014721068,0.90996796,0.00032930772,0.0034763406,0.9153797,0.0022333092,0.0015148427,0.00071431114
0.8943485,0.007025158,0.001947098,0.0077068373,0.0014630808,0.9091573,0.00032738913,0.0034681382,0.91470724,0.0022234514,0.0015166837,0.00070628076
0.89385515,0.0070399623,0.0019472694,0.0076501225,0.0014544637,0.9082985,0.00032547273,0.003456927,0.9139352,0.0022109384,0.0015207662,0.0006986773
0.89318067,0.007068442,0.0019501927,0.0075782314,0.0014465585,0.9073686,0.00032347595,0.0034464889,0.9129862,0.0021969646,0.0015274464,0.0006912822
0.8922407,0.0071062027,0.001954822,0.0074900547,0.0014383325,0.9063848,0.00032149264,0.0034340117,0.91187924,0.002180189,0.0015368727,0.00068392494
0.89103156,0.007153188,0.0019622853,0.0073830825,0.0014298476,0.90530217,0.0003194639,0.003419701,0.9105432,0.0021616553,0.0015494212,0.0006768374
0.88956684,0.007209098,0.0019721012,0.0072572106,0.0014214294,0.90409184,0.00031749788,0.0034056213,0.9089238,0.0021423795,0.0015663699,0.0006700941
0.8878989,0.007276322,0.0019847665,0.00712384,0.0014136853,0.9027752,0.0003156875,0.0033919618,0.90706116,0.0021252565,0.0015874836,0.0006638924
0.8862267,0.0073544513,0.0019965046,0.007000387,0.0014090972,0.9014596,0.00031442536,0.0033829198,0.90523726,0.0021123094,0.0016119519,0.0006586375
0.8846753,0.007438597,0.0020071398,0.006889625,0.0014071715,0.90020925,0.00031374744,0.0033782078,0.903543,0.0021036312,0.0016386729,0.0006543969
0.8833084,0.007519992,0.0020158687,0.006789044,0.0014073899,0.8990623,0.00031344694,0.003376885,0.90200824,0.002098655,0.0016662134,0.0006511202
0.88212293,0.0075992895,0.0020240422,0.006699473,0.001409306,0.8980375,0.0003137181,0.0033788097,0.90059835,0.0020970101,0.0016940958,0.0006486758
0.8811289,0.0076700477,0.0020294287,0.0066182297,0.0014124527,0.8971366,0.00031426293,0.0033829454,0.899339,0.0020974982,0.0017215753,0.00064681296
0.88030744,0.007733126,0.0020335547,0.0065453085,0.0014166604,0.8963499,0.0003151045,0.003388474,0.8982217,0.002099657,0.0017485024,0.00064555113
0.87962455,0.007787412,0.0020362514,0.0064789103,0.0014220433,0.8956159,0.000316186,0.003393947,0.8971854,0.0021032628,0.0017752538,0.00064470846
0.8790392,0.007837012,0.0020394244,0.00641751,0.0014285634,0.8950229,0.00031739072,0.0034017458,0.8962847,0.0021067024,0.0018003689,0.0006443887
0.8785265,0.007881641,0.0020418891,0.006361928,0.001436222,0.8944911,0.00031887175,0.003409132,0.8954289,0.0021112664,0.0018255814,0.0006443743
0.87805027,0.007922635,0.002044592,0.006309188,0.0014453082,0.8939927,0.00032054537,0.0034166146,0.8945875,0.002116668,0.0018510275,0.00064463937
0.8775654,0.007963957,0.002048047,0.006258614,0.001456339,0.89351803,0.00032243007,0.0034243977,0.8937378,0.0021230327,0.0018776747,0.0006451849
0.87709,0.0080048535,0.002052126,0.0062115863,0.0014688876,0.8930855,0.0003246546,0.003433563,0.8928688,0.0021307252,0.001905535,0.0006459838
0.8765729,0.008048557,0.0020577789,0.0061656577,0.0014839945,0.8926677,0.0003272244,0.0034429596,0.89194965,0.002140246,0.0019355798,0.0006471395
0.8760071,0.0080972295,0.0020644306,0.006121151,0.0015018194,0.8922799,0.0003301905,0.0034533185,0.8909839,0.0021515142,0.00196821,0.0006484351
0.87538576,0.008148375,0.0020723378,0.006078251,0.0015229718,0.8918781,0.00033363735,0.0034650334,0.8899338,0.0021654684,0.0020047715,0.0006499751
0.87467086,0.008209864,0.002082838,0.00603466,0.0015474787,0.8915389,0.00033757286,0.0034774474,0.8888284,0.0021813626,0.0020440747,0.00065174326
0.87387484,0.008276869,0.002095131,0.00599313,0.0015758489,0.8912086,0.0003421267,0.003491858,0.8876071,0.0022008764,0.0020883707,0.00065389625
0.87297547,0.008352429,0.002109705,0.00595224,0.0016086563,0.8909006,0.0003473652,0.0035076158,0.8862854,0.0022238407,0.0021379192,0.00065630523
0.87195355,0.008432962,0.0021263105,0.005913566,0.0016460621,0.89059615,0.00035333855,0.0035254196,0.8848994,0.0022499636,0.0021926996,0.00065905694
0.8708188,0.008529942,0.0021473588,0.0058729784,0.0016889353,0.89034677,0.00036000644,0.0035454824,0.8833243,0.0022809512,0.0022550828,0.0006625209
0.86956495,0.008634119,0.0021711448,0.0058343187,0.0017371237,0.8901319,0.00036755134,0.0035688279,0.8816613,0.0023156803,0.0023244019,0.0006666238
0.8682016,0.008746629,0.0021986805,0.0057981163,0.0017903127,0.88996196,0.00037584596,0.003595013,0.87992525,0.0023541655,0.002400301,0.0006716314
0.86675274,0.00886431,0.0022290163,0.005764095,0.001848169,0.88987637,0.00038487522,0.0036241866,0.8781587,0.0023959419,0.0024823486,0.00067759544
0.8652247,0.008988771,0.0022649062,0.0057322276,0.0019094296,0.8898046,0.00039437314,0.003657126,0.8763158,0.0024406584,0.0025704415,0.00068507757
0.8636408,0.009114132,0.0023030238,0.0057032187,0.0019727375,0.88981766,0.00040430535,0.003693432,0.8744825,0.0024869496,0.0026628913,0.0006938008
0.8620476,0.009238013,0.0023438837,0.005677833,0.0020364462,0.8899202,0.00041441154,0.003732082,0.87271106,0.0025339588,0.0027571935,0.00070399826
0.86049813,0.0093550375,0.0023856144,0.005656587,0.0020985813,0.8900948,0.0004245797,0.003772418,0.8710204,0.002580726,0.002852259,0.0007155624
0.85900533,0.00946489,0.0024285596,0.0056354837,0.002157424,0.89035463,0.00043411867,0.0038132712,0.869523,0.0026242877,0.002941421,0.0007281277
0.85761046,0.00955883,0.0024694754,0.0056172684,0.002210247,0.8906944,0.00044317724,0.0038527255,0.86819035,0.0026645507,0.0030250582,0.0007414373
0.85632837,0.009640024,0.0025071441,0.0056006783,0.0022561743,0.8910856,0.0004514427,0.0038893174,0.86704046,0.0027007896,0.003100581,0.0007549994
0.8551665,0.009704237,0.002540578,0.0055842767,0.002295298,0.8914848,0.00045883024,0.0039219907,0.8660993,0.002731741,0.003167644,0.0007683025
0.85416216,0.009755796,0.0025697593,0.0055711293,0.002326485,0.8919022,0.00046539342,0.003952054,0.86530244,0.002759287,0.0032245237,0.0007813437
0.8533381,0.009796871,0.002593704,0.0055578942,0.0023501776,0.89233106,0.00047111715,0.003975848,0.86463374,0.0027827637,0.0032735346,0.00079346594
0.8526096,0.009825684,0.0026130104,0.0055468967,0.0023679265,0.8927133,0.00047600266,0.0039952314,0.8641138,0.002802807,0.003313443,0.000804652
0.85202354,0.0098380605,0.002627997,0.00553454,0.0023807373,0.8930839,0.00048015284,0.004012033,0.86373925,0.002818135,0.0033449982,0.00081480877
0.8516106,0.009848048,0.002640108,0.0055228444,0.0023900785,0.8934413,0.00048383133,0.004026976,0.86341965,0.002832119,0.0033732492,0.0008244644
0.8513352,0.009842437,0.0026495112,0.0055117956,0.0023961551,0.89375126,0.00048695604,0.004038691,0.86318296,0.002843533,0.0033947274,0.00083322
0.8512346,0.0098355245,0.002655983,0.005501374,0.0024004586,0.8940976,0.0004895999,0.0040498427,0.8630053,0.002854043,0.0034125762,0.00084181124
0.8512477,0.009818793,0.0026585434,0.0054922244,0.0024025468,0.8944204,0.0004919532,0.0040576872,0.8628919,0.0028626688,0.0034250976,0.000849301
0.85136056,0.009792834,0.002660007,0.00548463,0.002403898,0.89474183,0.00049392885,0.0040651867,0.86291915,0.0028701907,0.0034322583,0.0008564889
0.8516256,0.0097644,0.0026586738,0.005478118,0.0024062376,0.8950816,0.000495758,0.004071895,0.86302966,0.0028770443,0.0034374571,0.0008636082
0.89885783,0.006755172,0.0020642076,0.007939263,0.0035143162,0.8170242,0.0005575465,0.0035982702,0.92027605,0.004362245,0.0020366732,0.00034634984
0.89524496,0.0058435304,0.0023279374,0.0059055067,0.002529933,0.8171208,0.0003101134,0.0038747888,0.9471285,0.0028097297,0.0013108255,0.00031030978
0.90354156,0.0059039616,0.0023832268,0.006113503,0.0018110806,0.8429425,0.00031033758,0.0035534815,0.9439156,0.003795218,0.0015211392,0.0003668757
0.9337769,0.007877627,0.0025057385,0.0061103688,0.0016335525,0.8766506,0.00034911413,0.00314625,0.9513764,0.0040346175,0.0015424599,0.00038071914
0.9443924,0.008651707,0.0025304467,0.0054768478,0.0014630718,0.89452666,0.00033046037,0.0029911161,0.9548178,0.0034558806,0.0014775257,0.00036886963
0.9435544,0.008080794,0.0024468529,0.0051056887,0.0012852553,0.8973538,0.00032424196,0.0027496808,0.95464796,0.0031956045,0.0013796561,0.00036477728
0.9426239,0.008006557,0.002354134,0.0050212545,0.0012427701,0.89270806,0.0003302091,0.0026301288,0.9533899,0.0032620123,0.0014038815,0.00037508013
0.94371045,0.008370149,0.0022706653,0.004929539,0.0012431986,0.889681,0.00033195392,0.0026006473,0.9534727,0.0033104634,0.0014425623,0.00039093802
0.9448445,0.008621239,0.0021480334,0.0047619543,0.0012370475,0.88883406,0.00032641273,0.0025262283,0.9545302,0.0032656826,0.001424473,0.00040821396
0.94463336,0.008475443,0.001998692,0.0045292727,0.0012310124,0.88977706,0.0003190089,0.0024012295,0.9556195,0.00315314,0.0014023794,0.0004172207
0.94439834,0.008197852,0.0018646108,0.004315624,0.0012288374,0.8901877,0.00031125586,0.0022655623,0.95663345,0.0030528493,0.0013996777,0.0004253115
0.94434106,0.0079082865,0.0017648493,0.0041862056,0.0012310487,0.8898007,0.00030431838,0.0021504948,0.9575336,0.0029941665,0.0014095603,0.0004373705
0.9441596,0.0076814406,0.0017016318,0.004147624,0.0012396035,0.88944656,0.00030027033,0.0020740544,0.95819455,0.0029857627,0.0014187457,0.00045056056
0.94396836,0.007514033,0.0016673204,0.004164719,0.0012517889,0.88996273,0.00029814173,0.0020227788,0.958727,0.0030146483,0.001419384,0.00046230952
0.9440539,0.007360967,0.0016568288,0.004228211,0.0012636225,0.89180696,0.00029652592,0.0019763375,0.95911217,0.0030783943,0.0014111558,0.00047335456
0.9446099,0.0071747345,0.0016620377,0.004360819,0.0012732483,0.89526325,0.0002947016,0.001912217,0.9590955,0.0031933314,0.0013966723,0.00048518032
0.94569856,0.006938319,0.0016757973,0.004569982,0.0012767044,0.9000723,0.00029231608,0.0018255877,0.95838755,0.0033699002,0.0013753932,0.00049739267
0.94685423,0.0066884616,0.0016853203,0.0048045195,0.0012698149,0.90503544,0.00028912752,0.0017280253,0.95723563,0.0035641969,0.0013456816,0.00050727837
0.9474176,0.006485814,0.0016838264,0.0049927738,0.0012541314,0.9088167,0.00028568567,0.0016402346,0.956284,0.0037050275,0.0013126433,0.00051325327
0.94728196,0.006336066,0.0016768554,0.005127527,0.0012385967,0.9111391,0.0002829449,0.0015725063,0.9558668,0.0037738855,0.001284737,0.00051744527
0.9465674,0.0062737246,0.0016671965,0.005264032,0.0012279529,0.9123244,0.00028158777,0.0015204389,0.95603687,0.00379984,0.0012697738,0.0005204627
0.94573694,0.006252833,0.0016565023,0.005403826,0.0012219585,0.91304755,0.00028077335,0.0014765116,0.9564013,0.0038133687,0.0012624689,0.00052276615
0.9446931,0.0062887133,0.0016453156,0.005566519,0.0012188444,0.9133806,0.00028076212,0.00143891,0.95699996,0.0038158698,0.0012625331,0.0005243294
0.9438378,0.0063036475,0.0016367971,0.0056772786,0.0012176329,0.91363466,0.00028059326,0.0014132087,0.95755744,0.0038135194,0.0012615909,0.000525761
0.94320726,0.0062987157,0.0016306575,0.0057424954,0.001216206,0.913839,0.0002801605,0.0013966736,0.95798606,0.0038118167,0.0012586394,0.0005267848
0.94273716,0.0063010915,0.0016240459,0.0057832394,0.0012152073,0.91399074,0.00027958094,0.0013859629,0.9583337,0.003813608,0.0012559671,0.0005269003
0.9424216,0.006291512,0.0016175862,0.005798347,0.0012138254,0.9141093,0.0002788103,0.0013791748,0.958606,0.003813925,0.0012517364,0.00052653806
0.94227004,0.0062419665,0.0016159805,0.0057850224,0.0012121479,0.91438836,0.00027778957,0.0013750349,0.95874584,0.0038119128,0.0012447176,0.00052687596
0.9422221,0.0061714742,0.0016179782,0.005761391,0.0012102663,0.9147522,0.00027670266,0.0013726647,0.9588134,0.0038088392,0.0012359798,0.000527662
0.9421878,0.0061053666,0.0016198572,0.0057338746,0.0012090431,0.9151238,0.00027567256,0.0013714338,0.9588884,0.0038027382,0.0012277728,0.0005281216
0.9421072,0.0060527725,0.0016210882,0.005719772,0.0012070864,0.91539633,0.00027477488,0.0013684721,0.9589383,0.0037989607,0.0012208748,0.0005287197
0.9420788,0.0060020736,0.0016220054,0.0057001365,0.0012058422,0.9156897,0.00027390258,0.0013675361,0.9589899,0.0037943295,0.0012143541,0.00052888127
0.9420425,0.005952248,0.0016229593,0.005679702,0.0012039738,0.9159332,0.0002731148,0.0013654453,0.9590031,0.003791483,0.0012075865,0.0005291715
0.9420416,0.0059070718,0.0016233278,0.005657558,0.0012025452,0.9161366,0.00027236278,0.001364677,0.9590197,0.003788901,0.0012013471,0.0005292282
0.9420601,0.0058638845,0.001623804,0.005635823,0.0012010399,0.916356,0.00027162838,0.0013645692,0.9590215,0.0037867145,0.0011957097,0.0005293647
0.9420768,0.0058234287,0.0016243052,0.0056129764,0.0011996523,0.9165766,0.0002708412,0.0013641976,0.9590342,0.0037835087,0.0011897405,0.0005292529
0.9420323,0.005786917,0.0016244218,0.005586549,0.001197283,0.91683656,0.0002698422,0.0013634753,0.95908475,0.0037745421,0.0011843843,0.0005288334
0.9414936,0.0057638134,0.0016232353,0.0055441093,0.0011893536,0.9174829,0.00026721187,0.0013592177,0.95942163,0.0037228952,0.0011805383,0.0005272517
0.9392516,0.0057635764,0.0016288892,0.0054614157,0.0011621895,0.91838366,0.00026136645,0.0013468727,0.9603121,0.0035416638,0.0011902881,0.00052571733
0.9370359,0.0057423,0.0016794739,0.005370894,0.0011366144,0.9177539,0.00025976702,0.0013403018,0.9603879,0.0033614677,0.0012315735,0.00053389993
0.9370593,0.0057318225,0.001750041,0.005293457,0.0011354072,0.91665864,0.00026204088,0.0013468164,0.95961887,0.0033088806,0.0012765586,0.0005438894
0.9378729,0.0057350793,0.0018025279,0.005211817,0.0011439932,0.9163118,0.00026395608,0.0013652581,0.9588701,0.003280495,0.0013081259,0.0005517325
0.9372405,0.0056650983,0.0018441394,0.0050545014,0.0011701371,0.91667116,0.0002646501,0.0014088,0.95838755,0.0031596948,0.0013234325,0.0005674509
0.93131804,0.005444385,0.0018875352,0.004705996,0.001263309,0.9171912,0.00026549745,0.0015437294,0.9580592,0.002773448,0.0013406925,0.0006193798
0.92623395,0.0053539076,0.0018215368,0.004580884,0.0013266923,0.9161077,0.000268813,0.0016344875,0.95769453,0.0025785964,0.0013661048,0.00064569205
0.92434496,0.0054369825,0.0017452858,0.004633649,0.0013491715,0.91495633,0.00027114066,0.0016440714,0.9578488,0.002584803,0.0013808655,0.00064160343
0.92335427,0.0055833342,0.0017013289,0.004691629,0.0013650298,0.9143713,0.00027267716,0.0016523548,0.9582891,0.0026095577,0.0013957561,0.00063524756
0.92416555,0.0058003045,0.0014424098,0.004009562,0.0014383039,0.9165281,0.00026704452,0.0019143505,0.9573832,0.0029376824,0.0014029379,0.0005791782
0.9245375,0.005839388,0.0014123752,0.0039214077,0.0014449258,0.91732484,0.00026617164,0.0019590326,0.9571207,0.0029856479,0.0014081957,0.0005706161
0.924225,0.0058294255,0.0014221491,0.0039635445,0.0014419855,0.9172301,0.00026661102,0.001937043,0.9573057,0.00295302,0.0014081502,0.00057314255
0.9229263,0.005875267,0.0014669844,0.0041931984,0.001426429,0.91611946,0.00026916486,0.001850735,0.95795226,0.0028630528,0.0014171611,0.0005852362
0.92251235,0.0058808927,0.0014711609,0.004219397,0.0014280702,0.9157295,0.00026976783,0.0018416861,0.9580967,0.0028546387,0.0014189064,0.0005867391
0.92248225,0.005895435,0.001470245,0.0042222063,0.0014306756,0.9156985,0.00026997575,0.0018454143,0.9581383,0.0028610388,0.0014222824,0.0005865317
0.9226173,0.0058832797,0.0014702737,0.0042046453,0.001432555,0.91586816,0.00026972333,0.0018521908,0.9581278,0.0028625,0.0014213658,0.00058590394
0.9229158,0.005845907,0.0014693779,0.0041658427,0.0014336482,0.91610974,0.00026919,0.0018622979,0.95798314,0.0028682153,0.0014180102,0.0005853329
0.92318743,0.0058111534,0.0014731516,0.004145228,0.0014328525,0.9162719,0.0002688927,0.001865559,0.9578568,0.0028666733,0.0014149836,0.00058601814
0.92337614,0.0057796435,0.0014793687,0.00413654,0.001431398,0.9164051,0.00026874023,0.0018639925,0.95778143,0.0028595221,0.0014125864,0.00058742426
0.9235606,0.005746093,0.0014869998,0.0041321097,0.0014300722,0.9165062,0.00026861904,0.0018615235,0.95772237,0.0028509137,0.0014102141,0.00058922626
0.9237555,0.005712293,0.0014953293,0.0041306126,0.0014281492,0.9165876,0.0002684936,0.0018579367,0.9576521,0.0028426163,0.0014072002,0.00059124583
0.92395556,0.005680165,0.0015034534,0.0041272757,0.0014261534,0.9166837,0.0002683715,0.0018545144,0.957582,0.0028340141,0.0014046585,0.000593066
0.6078463,0.0042701196,0.0018304886,0.002816491,0.0010568625,0.77501047,0.00021220803,0.0018099681,0.86327386,0.0017223376,0.0013318248,0.0009547349
0.518746,0.0050527677,0.0015746491,0.0045445003,0.0015455105,0.6494283,0.00034462067,0.002900914,0.7584663,0.0028386118,0.0036990775,0.0009188499
0.68965983,0.007324626,0.001985799,0.0070460583,0.0031959477,0.69651234,0.0005234987,0.0046868226,0.77530646,0.0033835354,0.0070325225,0.000966501
0.8443266,0.010307503,0.0023980732,0.0060143075,0.0033875303,0.8389348,0.0005188586,0.005232114,0.8462271,0.003182358,0.0074608065,0.0011964691
0.8869653,0.011066789,0.0020699746,0.004289098,0.0024627398,0.9179372,0.0004792511,0.0039009894,0.904204,0.0020458533,0.004242194,0.0011271009
0.88829917,0.009936137,0.0016104662,0.003475417,0.0018750884,0.9266343,0.00044423042,0.0028792883,0.92316395,0.0015020374,0.0029939958,0.0009044852
0.8739217,0.009263871,0.0014368539,0.003348604,0.0016663768,0.9203981,0.00042823088,0.002461844,0.91944534,0.0014170145,0.002790164,0.000832568
0.8647583,0.009503722,0.0014046563,0.0034116388,0.0016838168,0.9184295,0.00043366186,0.002395608,0.9145668,0.0014494838,0.002875489,0.0008427832
0.86391425,0.00976268,0.0014277099,0.0035172577,0.0017503793,0.9189497,0.0004431551,0.0024422843,0.91384745,0.0014846736,0.0029516302,0.0008615638
0.8642169,0.00973245,0.0014570319,0.003572795,0.0017646528,0.9199553,0.0004438019,0.0024642996,0.91389585,0.0014913249,0.0029316854,0.0008679281
0.86232466,0.009644116,0.0014724468,0.0035759844,0.001749617,0.92081195,0.00043984374,0.0024563603,0.9134025,0.0014812957,0.0028814124,0.0008704005
0.85962176,0.009576481,0.0014821155,0.003567877,0.0017356722,0.92120105,0.0004364103,0.0024454228,0.91290724,0.0014707834,0.0028422447,0.000874601
0.8572119,0.009520885,0.0014919391,0.0035666379,0.0017270204,0.9212641,0.0004339081,0.002438733,0.91268355,0.0014641609,0.0028121236,0.00088008575
0.8552668,0.009497189,0.0015032493,0.0035693524,0.0017206258,0.921315,0.0004316029,0.0024359666,0.9126929,0.0014606431,0.0027865216,0.00088622404
0.8537486,0.009491615,0.0015155367,0.0035791646,0.0017142066,0.9213835,0.00042993037,0.002435736,0.9127154,0.0014604242,0.002766351,0.0008934081
0.8524477,0.009496028,0.0015277104,0.003592203,0.0017077561,0.92153513,0.00042827212,0.002435705,0.91283447,0.0014602871,0.0027467038,0.0009007307
0.85133654,0.009506514,0.001539753,0.0036115113,0.0017017355,0.9217101,0.00042704522,0.002436114,0.91296816,0.0014619763,0.0027294022,0.000908736
0.8503658,0.009519625,0.001551811,0.0036338316,0.0016966099,0.9219234,0.00042586753,0.0024374085,0.9130864,0.0014644775,0.0027120085,0.00091692543
0.8495302,0.009544955,0.0015628116,0.0036583617,0.0016928543,0.9221895,0.00042514087,0.0024392887,0.9132911,0.0014669641,0.002696929,0.0009248701
0.8489558,0.00955842,0.001574125,0.0036873624,0.0016883316,0.92255425,0.00042453536,0.002439465,0.9135961,0.0014701462,0.0026789429,0.0009327693
0.8485583,0.009577194,0.0015844323,0.0037160132,0.0016843226,0.9230051,0.00042382313,0.0024400766,0.9139854,0.0014726227,0.0026601814,0.0009396036
0.8482495,0.009588985,0.0015938659,0.0037454332,0.0016800625,0.9234793,0.00042309184,0.0024394186,0.91445506,0.0014741914,0.0026391917,0.0009456943
0.84808224,0.009595838,0.0016025383,0.0037751049,0.0016760405,0.92399055,0.0004223925,0.0024383746,0.9149806,0.0014758644,0.0026173051,0.00095128
0.84799993,0.00960092,0.0016101289,0.0038037428,0.0016716358,0.92450976,0.0004217017,0.0024366237,0.9155154,0.0014771853,0.002596192,0.00095590815
0.8479341,0.009602299,0.0016174029,0.0038317994,0.001667938,0.9250443,0.00042093618,0.0024350397,0.91606253,0.001478478,0.002574795,0.00095990923
0.84800225,0.009604149,0.0016235667,0.0038596583,0.0016642737,0.9255725,0.00042040966,0.002433721,0.9166329,0.0014798575,0.0025543494,0.000963407
0.84806937,0.009605229,0.0016292562,0.0038859807,0.0016602956,0.9261291,0.00041972814,0.0024312933,0.9172441,0.0014803706,0.0025342854,0.00096658577
0.8481057,0.009602788,0.0016351085,0.0039109057,0.0016566457,0.9266393,0.00041890188,0.0024282306,0.9178637,0.0014803262,0.0025146287,0.00096895074
0.8481902,0.0096017355,0.001640161,0.0039362316,0.0016538571,0.9270932,0.00041826026,0.0024264788,0.91838604,0.0014815828,0.0024973976,0.0009707665
0.8482427,0.009602952,0.001644145,0.0039597265,0.0016513875,0.92752403,0.00041780694,0.0024238059,0.91891766,0.0014824268,0.0024820063,0.000972809
0.8483073,0.0096082315,0.0016481268,0.003979855,0.0016497525,0.92794144,0.00041722524,0.0024221959,0.91946185,0.0014830634,0.0024676344,0.00097409805
0.8483593,0.009609802,0.0016522092,0.0040010153,0.001648013,0.9283339,0.00041684625,0.0024201379,0.9199655,0.0014841739,0.0024543947,0.0009756344
0.8484331,0.009613938,0.0016553118,0.0040205056,0.001646429,0.9287154,0.00041645239,0.0024183542,0.9204659,0.0014845075,0.0024426302,0.0009766909
0.8485145,0.009617248,0.0016581054,0.00403914,0.0016446678,0.9290563,0.00041607048,0.0024157946,0.92088467,0.001485929,0.0024314076,0.0009777877
0.8485735,0.00962253,0.0016603629,0.004056341,0.0016435628,0.9293742,0.00041579528,0.0024137844,0.921334,0.0014868587,0.0024215782,0.0009784391
0.848616,0.009628972,0.0016632108,0.004071843,0.0016426365,0.92965025,0.0004155039,0.0024116943,0.9217383,0.0014877156,0.0024132289,0.0009791207
0.8486297,0.009635008,0.0016648505,0.004086478,0.0016419363,0.9298877,0.00041534033,0.0024103858,0.92211646,0.0014887176,0.002406146,0.0009795215
0.8486889,0.009643306,0.0016671591,0.004100504,0.0016412234,0.9301423,0.00041520214,0.0024088132,0.9224782,0.0014896294,0.0023993703,0.0009800167
0.84874624,0.009651671,0.0016681809,0.0041128835,0.0016407219,0.9303755,0.00041511745,0.002406698,0.92283976,0.0014905587,0.0023925912,0.0009801218
0.84877765,0.009661193,0.0016686851,0.0041231085,0.0016396053,0.93059206,0.00041497126,0.0024048656,0.923154,0.0014911217,0.0023873604,0.0009801241
0.8488129,0.009669591,0.0016692812,0.004132914,0.0016394093,0.93075436,0.00041499006,0.0024030632,0.9234775,0.0014916876,0.0023819788,0.0009802792
0.8488281,0.009681621,0.0016699956,0.004141637,0.0016389787,0.93091816,0.00041492243,0.0024014579,0.9237314,0.0014927534,0.0023795315,0.000980458
0.84881693,0.009695012,0.0016704394,0.004149261,0.0016389467,0.93106014,0.00041499757,0.0023998488,0.9240235,0.001493047,0.0023762805,0.0009805897
0.8488212,0.009707762,0.0016707454,0.0041565397,0.0016392345,0.9311798,0.00041503832,0.002398128,0.9242629,0.0014940469,0.002372878,0.0009806762
0.848811,0.009720472,0.0016709022,0.0041647963,0.0016395412,0.93128514,0.00041516873,0.0023973123,0.92448705,0.0014950723,0.0023712262,0.0009808261
0.8487919,0.009731843,0.0016711456,0.00417051,0.0016394305,0.9313971,0.00041522118,0.0023963875,0.9246799,0.0014955899,0.00236937,0.0009808602
0.84877044,0.009747176,0.0016707589,0.004175882,0.0016399128,0.931479,0.00041540744,0.0023954122,0.9248542,0.001496441,0.0023688348,0.0009809625
0.84873515,0.009764516,0.001670484,0.004179506,0.0016404985,0.9315572,0.0004155274,0.0023948061,0.92504746,0.0014969633,0.002367583,0.0009810145
0.84866816,0.009778644,0.0016701657,0.0041845804,0.0016411414,0.93162006,0.00041577648,0.0023937842,0.9252063,0.0014976462,0.002367279,0.0009809718
0.84864336,0.009794752,0.0016697284,0.0041885185,0.0016417471,0.9316715,0.0004159822,0.0023937854,0.9253246,0.0014985001,0.0023677454,0.0009811546
0.8485985,0.0098090535,0.0016695204,0.004192046,0.0016420205,0.93172055,0.000416146,0.0023929735,0.92545056,0.0014991115,0.00236833,0.0009811115
0.8485468,0.009826436,0.0016694273,0.004195049,0.0016432146,0.9317747,0.00041632913,0.0023926152,0.9255933,0.0014993073,0.002368295,0.0009812813
0.8485211,0.009840216,0.0016689459,0.0041983947,0.0016435776,0.93179,0.0004165894,0.0023922054,0.92570394,0.0014999777,0.0023687198,0.0009812902
0.6642445,0.007930844,0.0019171442,0.0058290996,0.0036027574,0.70138776,0.00071369193,0.0029885676,0.7083283,0.0015098116,0.006702346,0.0010638032
0.4735144,0.007228519,0.0030140665,0.010000505,0.004251913,0.32067078,0.0007836759,0.008853056,0.4677102,0.0025881305,0.014245743,0.0016371813
0.2727177,0.014606319,0.0064836238,0.011261661,0.0061106877,0.078813754,0.0019579811,0.022735814,0.16938986,0.0044399993,0.02658822,0.0035463618
0.17354654,0.022591164,0.0138713755,0.020643372,0.0123637915,0.08635715,0.005550151,0.034900308,0.057941582,0.008950106,0.042758815,0.006295887
0.15920891,0.024532625,0.020223562,0.031054711,0.015255719,0.13858683,0.0074269422,0.03149902,0.07865276,0.011854612,0.043739807,0.0065057087
0.17243026,0.024540285,0.022449404,0.042965177,0.018271996,0.19642228,0.009529954,0.03214757,0.10085266,0.011943696,0.03938908,0.0061869007
0.19557342,0.023871018,0.02327058,0.052599072,0.018234078,0.2429456,0.010964256,0.032756947,0.09719901,0.014181381,0.04029657,0.005911714
0.23135978,0.0274734,0.024885181,0.062048018,0.018173894,0.30704257,0.012052694,0.032423053,0.09103277,0.01791524,0.041145694,0.0061930344
0.2859967,0.03148281,0.025968798,0.07211916,0.019057442,0.3990578,0.013138949,0.032172453,0.09444444,0.021207936,0.03952245,0.006196639
0.36109376,0.03468722,0.0256367,0.07883937,0.018623823,0.5093804,0.014023728,0.031465176,0.09446114,0.023288563,0.03887447,0.0056828856
0.43079937,0.036935806,0.024197001,0.080433495,0.016788678,0.6056602,0.013678897,0.030038424,0.08768314,0.023923112,0.039813757,0.005182458
0.46484214,0.03823074,0.02322003,0.08077779,0.015131545,0.6590283,0.012739855,0.028700145,0.079013735,0.023000428,0.041382562,0.004858236
0.4635824,0.038973864,0.023380524,0.08153784,0.0142581025,0.6667811,0.0121869035,0.028153531,0.071313225,0.021795167,0.043369498,0.0047744904
0.44924682,0.03961251,0.023850897,0.08189817,0.014044975,0.6490626,0.011946668,0.027639331,0.06431351,0.021167766,0.044759452,0.0048754015
0.4388932,0.039543856,0.023802027,0.081626594,0.014892591,0.63198656,0.011742238,0.02655288,0.056510136,0.021722049,0.04565868,0.005072364
0.43589374,0.038572386,0.022810841,0.08126006,0.016920233,0.6328788,0.011466693,0.02521099,0.04838584,0.02374923,0.046646014,0.0052735163
0.43816876,0.037699778,0.021714112,0.07991039,0.0187909,0.65161544,0.011229282,0.024261203,0.042816244,0.026079802,0.047049165,0.0054101236
0.4418857,0.037221678,0.020788409,0.078145996,0.019645704,0.6762312,0.011114448,0.023808021,0.04037817,0.027363872,0.047039174,0.0054388135
0.44383878,0.03687983,0.020024437,0.076934345,0.019897427,0.6949594,0.011083177,0.023709103,0.039573733,0.02775579,0.04742141,0.0054114633
0.44283527,0.036758844,0.019509934,0.076230384,0.01995216,0.70415944,0.011069341,0.023776261,0.03934838,0.027742187,0.04820714,0.005391421
0.43900236,0.03687712,0.019223442,0.07576427,0.019993246,0.706968,0.011079572,0.023864396,0.039277133,0.02754122,0.04904972,0.005397351
0.43301308,0.03710595,0.01909465,0.0754548,0.020050706,0.70698017,0.011140688,0.023939885,0.039246876,0.027320165,0.049742393,0.0054252734
0.42597497,0.037306543,0.019028915,0.0752896,0.02011444,0.7057892,0.011238546,0.024018671,0.039200287,0.027164066,0.05026543,0.0054666554
0.41908494,0.03746764,0.018984301,0.07514943,0.020169672,0.7042374,0.011352414,0.024092028,0.0391137,0.027072085,0.0506443,0.0055134688
0.41254738,0.037607726,0.018948944,0.07497695,0.020227036,0.70302236,0.0114680445,0.024160825,0.039007597,0.027028918,0.05089326,0.0055633257
0.40596944,0.037734013,0.01892911,0.074807905,0.020301465,0.70246476,0.011590405,0.0242391,0.038898565,0.027004829,0.05105587,0.005614478
0.3987113,0.037857737,0.018940002,0.07469966,0.020394156,0.7022726,0.011730584,0.024336563,0.038789973,0.026995132,0.051150583,0.0056721536
0.39011574,0.03797693,0.018990604,0.07465524,0.020521557,0.70202535,0.011898966,0.024473285,0.038686864,0.026993483,0.05119449,0.005742525
0.37960902,0.0381186,0.01909618,0.074700005,0.020690609,0.7013228,0.0121047925,0.024632568,0.03856742,0.026988937,0.05116609,0.0058300663
0.36653128,0.038279813,0.019256609,0.074897125,0.02092551,0.6999931,0.012365998,0.024816588,0.03842032,0.026970388,0.05102922,0.005938791
0.35011896,0.038433164,0.01943137,0.07575089,0.021284426,0.69797033,0.012729963,0.025063856,0.038357586,0.026883591,0.050762143,0.0060732462
0.32895583,0.038446806,0.019510016,0.078797616,0.021883273,0.69524175,0.013301608,0.025398074,0.038630866,0.026571589,0.050361294,0.006232727
0.30130136,0.03843195,0.01976706,0.082243025,0.022390667,0.69183743,0.014061115,0.025615247,0.038879097,0.026181586,0.04994842,0.0064342604
0.26886,0.038692255,0.020162255,0.08426451,0.022929685,0.687511,0.01494114,0.025869973,0.0387208,0.025878517,0.049467333,0.0066767447
0.234733,0.039022982,0.02052811,0.08584178,0.023646545,0.6820975,0.015950976,0.026233118,0.03827884,0.025527654,0.048659794,0.0069375965
0.20244847,0.039465282,0.020864557,0.08747448,0.024475472,0.67513186,0.017082868,0.026560731,0.037737828,0.02505602,0.047500107,0.007198629
0.17452103,0.040040616,0.021141492,0.08872396,0.025309866,0.6672572,0.018287655,0.026720623,0.037217196,0.024473641,0.046086792,0.0074469172
0.15177129,0.040729146,0.021295309,0.08928378,0.026040038,0.65995276,0.019533299,0.026703246,0.036778875,0.023804914,0.044557586,0.0076702973
0.13374023,0.041517086,0.021297352,0.089137025,0.026550304,0.6550087,0.020793084,0.026518382,0.03644448,0.02307637,0.043088127,0.007865654
0.119642384,0.04240252,0.021143293,0.08840189,0.026785485,0.65380883,0.021998089,0.026190074,0.036164027,0.02231125,0.04181659,0.008027418
0.108944,0.043301404,0.020857463,0.08735304,0.02681279,0.6565504,0.023041006,0.025789721,0.035861038,0.021551533,0.04078701,0.008146999
0.10107957,0.04415537,0.020506669,0.08633406,0.02673782,0.6624815,0.023896303,0.025418153,0.035508085,0.020853942,0.04002346,0.008226447
0.095299065,0.04488508,0.020161247,0.08549221,0.02663512,0.66964775,0.024597444,0.02515169,0.035134483,0.020259414,0.0395116,0.008279214
0.09090154,0.045458846,0.01988879,0.084850796,0.026556613,0.675672,0.02518857,0.024999583,0.034755148,0.01978748,0.039198924,0.008320801
0.08753093,0.045934636,0.01973776,0.08435696,0.026532402,0.67887896,0.025686152,0.024923125,0.034382578,0.01945205,0.03899163,0.008362379
0.084882736,0.046333414,0.019699855,0.08386904,0.026537322,0.6790753,0.026083345,0.024876757,0.034029137,0.019229155,0.03882155,0.008410739
0.08277484,0.04669487,0.019739034,0.08330417,0.026563592,0.67728966,0.026404671,0.024831029,0.0337129,0.019100465,0.03866156,0.008464811
0.08109475,0.047007333,0.019818788,0.0826847,0.026605677,0.6747577,0.026674937,0.024790268,0.033446174,0.019052327,0.03849953,0.008522621
0.03798437,0.04233003,0.030059876,0.046660326,0.013649643,0.5261481,0.017247375,0.019849245,0.029235862,0.004989385,0.039051622,0.0029904197
0.03576831,0.030237803,0.033862803,0.047685534,0.016035037,0.43522605,0.014220047,0.020516843,0.025034683,0.008176115,0.041262046,0.0028103362
0.03724685,0.028751347,0.03716197,0.050633,0.012806076,0.32589775,0.017271882,0.02222375,0.02812411,0.008503299,0.05187793,0.0024331142
0.041398764,0.02881984,0.036645956,0.047229864,0.010043665,0.2529928,0.017649092,0.020273568,0.027678566,0.007897527,0.06134763,0.002112438
0.040887028,0.027316174,0.038031254,0.045586772,0.009291848,0.20374839,0.015562997,0.020196073,0.028107485,0.0083398,0.059520878,0.002069875
0.05421648,0.029140474,0.0370924,0.050680514,0.010763598,0.14638984,0.015114755,0.022069596,0.022165515,0.013410123,0.055843476,0.004785646
0.046294343,0.029420188,0.03478618,0.056969993,0.010879059,0.1298189,0.01807999,0.026882276,0.026251523,0.012499566,0.063020274,0.0045166975
0.046910655,0.032855947,0.030907543,0.06200437,0.010817143,0.1398233,0.01770927,0.02792568,0.028798154,0.011229117,0.062088918,0.00488742
0.047622193,0.036513455,0.027359385,0.06418265,0.011437796,0.16626891,0.018829107,0.026960215,0.029761197,0.011736119,0.053609714,0.005607597
0.078175746,0.06056127,0.017695067,0.05960533,0.007561548,0.14775892,0.017810728,0.012971693,0.056369144,0.0022565338,0.032439087,0.008797597
0.08219563,0.06951943,0.019304542,0.06875122,0.007332431,0.14798503,0.01632542,0.020761807,0.046015956,0.0025457563,0.032872304,0.009836397
0.09358467,0.07300164,0.017968498,0.07338389,0.007670352,0.13401434,0.01948096,0.022023004,0.04745161,0.0024916374,0.038483072,0.012237027
0.10258872,0.0832572,0.018361915,0.08117957,0.007664192,0.12169376,0.02014335,0.02179846,0.045682397,0.0026951763,0.040490057,0.013440692
0.101082064,0.08459675,0.018626276,0.0798141,0.007838184,0.1060173,0.020228213,0.022049105,0.04861956,0.002814819,0.04045156,0.014685337
0.09692849,0.079088226,0.018148787,0.075898,0.008398817,0.09299492,0.020477839,0.02159533,0.051824726,0.0030853578,0.03952188,0.015774889
0.093637064,0.07277227,0.017570345,0.07213022,0.008590113,0.08317734,0.020223191,0.020929594,0.053858828,0.0033083523,0.03981828,0.016170144
0.091604955,0.06925968,0.016989226,0.06997305,0.008712954,0.07696382,0.020096028,0.020457491,0.0569856,0.0034270429,0.039788563,0.016182847
0.06774534,0.055279117,0.023158185,0.055742465,0.013850219,0.060394898,0.02241265,0.023513887,0.05073674,0.007755093,0.04202965,0.01610057
0.07714334,0.05491984,0.023860002,0.061228435,0.015055675,0.05923303,0.023963686,0.02646325,0.047419917,0.008676604,0.039281677,0.017325332
0.06746869,0.060215868,0.026014306,0.06253711,0.016996643,0.0593615,0.026553607,0.024552168,0.0545107,0.009473046,0.04070698,0.018175596
0.06104484,0.05308379,0.026556436,0.059647195,0.017555067,0.06198883,0.025933245,0.02382055,0.054186985,0.010080475,0.04056339,0.01751301
0.029855948,0.03683889,0.030681109,0.04258759,0.00790802,0.06621982,0.018647274,0.019786224,0.030279156,0.0032227584,0.066553526,0.0054218033
0.03191022,0.030949784,0.030334972,0.043406706,0.007620629,0.06538685,0.015204598,0.02400929,0.031368855,0.0050197896,0.059334446,0.0053040804
0.03416542,0.034988478,0.035016067,0.0489216,0.007635136,0.0689331,0.01607794,0.025877072,0.035568547,0.006238914,0.062074494,0.0046030544
0.034866497,0.03968507,0.037830587,0.05348443,0.0078043267,0.07535716,0.017063718,0.024659945,0.037927654,0.0063023632,0.062855564,0.0039594374
0.03714159,0.04017623,0.04176985,0.055135604,0.008168238,0.07150382,0.0169689,0.024465248,0.039135836,0.006725174,0.062000975,0.0038102309
0.03945487,0.037976887,0.04512805,0.055354506,0.00805885,0.06325264,0.01691726,0.023867063,0.038747754,0.0071992083,0.06307853,0.003807902
0.040549744,0.036400408,0.04600288,0.055756014,0.007961124,0.05836979,0.016091667,0.023379404,0.037909936,0.0073250323,0.061977413,0.0037305914
0.04092818,0.034471788,0.04621123,0.057181876,0.007984512,0.056252684,0.015316938,0.02346214,0.03744204,0.007420115,0.059471026,0.0036715826
0.040799346,0.03284189,0.045825444,0.05868024,0.007961253,0.055063166,0.014967818,0.023601102,0.036901567,0.007453786,0.057621628,0.003604781
0.040398873,0.031929128,0.0451622,0.059882645,0.007981698,0.05484582,0.014646315,0.023877341,0.036314446,0.0074390965,0.0562941,0.0035511826
0.039913096,0.031149063,0.0448681,0.060586423,0.008058922,0.0550539,0.014452735,0.024280304,0.035822604,0.007534662,0.05545866,0.0035475988
0.03947309,0.030530134,0.044878226,0.060705364,0.008141665,0.055138562,0.014480377,0.024547046,0.035226244,0.00771478,0.055376004,0.0035759793
0.0391819,0.030183423,0.045053333,0.060436126,0.008239156,0.055131514,0.014551585,0.02467143,0.034585036,0.007910985,0.055618852,0.0036204262
0.039016787,0.029905904,0.04531989,0.06005781,0.008340167,0.055085473,0.014616782,0.024718454,0.034025323,0.008104605,0.055903606,0.0036688554
0.038939122,0.029692715,0.0455828,0.05964294,0.008433707,0.054962326,0.014681917,0.02469356,0.03354042,0.008275408,0.056221593,0.0037117908
0.03892499,0.029558968,0.045771733,0.059287712,0.008521232,0.054857958,0.014725452,0.024645578,0.033124328,0.00840778,0.05653992,0.0037452746
0.038955793,0.029475909,0.04592104,0.059021555,0.008602296,0.054798283,0.014753455,0.024600692,0.032788843,0.008514217,0.056817953,0.0037719843
0.039001185,0.029426612,0.04603345,0.058821708,0.00867788,0.0547949,0.014777761,0.024546241,0.032521974,0.008601601,0.05707394,0.0037932284
0.03905789,0.029409135,0.046123892,0.058683623,0.008748029,0.054821752,0.014806156,0.024493514,0.032308728,0.008675395,0.057331998,0.0038098712
0.0391141,0.0294005,0.04620559,0.0585836,0.008810256,0.05482174,0.014834626,0.024426607,0.03213425,0.008743697,0.057566192,0.0038245984
0.039177906,0.029419346,0.046317104,0.05848999,0.008865017,0.05476073,0.014866198,0.02435194,0.031981613,0.0088099055,0.057764605,0.0038398597
0.039226122,0.029482752,0.04656063,0.05817501,0.008897387,0.05436838,0.014903669,0.024259923,0.031792026,0.0089053,0.057791397,0.0038619635
0.03923839,0.029773872,0.0473448,0.057093684,0.008858217,0.052769173,0.014961344,0.02413943,0.031363003,0.009142282,0.05723519,0.003919948
0.03921547,0.0302557,0.048468076,0.055836175,0.008798188,0.0508462,0.015024828,0.023889767,0.030684436,0.00940958,0.05614599,0.003986753
0.03926957,0.030657807,0.049199503,0.055237796,0.0088207545,0.049997438,0.015097694,0.023439217,0.030048726,0.009484334,0.055435535,0.0040054945
0.039363973,0.031088233,0.049531974,0.054938413,0.00886871,0.04940879,0.015189191,0.022954527,0.029503847,0.009489532,0.055260994,0.00402571
0.03950978,0.031543758,0.04975699,0.054619055,0.008929607,0.048944008,0.015258383,0.02252812,0.029114213,0.0094783725,0.05533177,0.0040675094
0.03967406,0.03196373,0.04992162,0.054291446,0.008987352,0.048663113,0.015310509,0.022157397,0.02886153,0.009466158,0.05547913,0.0041179312
0.03986239,0.03236459,0.05001142,0.053982146,0.009046347,0.048547946,0.015349183,0.021814816,0.028704772,0.009461564,0.05564677,0.0041684764
0.04005535,0.032779187,0.05004628,0.053692106,0.009108402,0.04846179,0.015391674,0.021478543,0.028589226,0.00946551,0.05581887,0.004221858
0.04023948,0.03319458,0.05003115,0.05339993,0.009169787,0.048396602,0.0154295275,0.021145668,0.028493632,0.009471669,0.055978425,0.004275392
0.040415097,0.033614274,0.049976584,0.053117104,0.009226943,0.048344057,0.015463307,0.02082133,0.028402781,0.009484038,0.05610819,0.00433061
0.04057089,0.034037165,0.04988747,0.052856963,0.00928531,0.048321467,0.015496291,0.020517316,0.028313296,0.009501214,0.056216005,0.004385304
0.04069634,0.03444648,0.04978097,0.052600816,0.0093368795,0.048302732,0.015532939,0.02022816,0.028210979,0.009525324,0.056313477,0.004439808
0.040799905,0.03485403,0.04966082,0.052378155,0.009385241,0.04831039,0.01557474,0.019967139,0.028097346,0.00955861,0.056391772,0.0044940426
0.040862422,0.035253074,0.04954103,0.052173384,0.009428741,0.048327714,0.015627071,0.01972501,0.02797027,0.009598926,0.056461338,0.004548182
0.04088585,0.035612438,0.049401417,0.051977113,0.009465609,0.0483693,0.01568583,0.019508775,0.027819747,0.0096460935,0.056533,0.004598198
0.040873762,0.03596352,0.04925813,0.051777426,0.009499836,0.048427507,0.015753191,0.019304547,0.027651912,0.009701048,0.056594525,0.004647216
0.04082251,0.03628223,0.049120266,0.0515788,0.009533163,0.048521772,0.015833765,0.019119198,0.027469616,0.00976363,0.056649752,0.004693144
0.040732928,0.0365785,0.04898015,0.051346492,0.009561395,0.048646923,0.015922276,0.018940663,0.027265443,0.009830005,0.056703795,0.004735014
0.040601358,0.036850423,0.048822455,0.051099394,0.00959235,0.04881202,0.01602168,0.01876673,0.027046843,0.009898822,0.05675081,0.0047734664
0.040440615,0.03708827,0.048664033,0.05080729,0.009619982,0.049004868,0.016125297,0.018590221,0.026820542,0.009969757,0.05679529,0.0048072585
0.04024394,0.037292797,0.04848422,0.050490674,0.0096478565,0.04923013,0.016241401,0.018420303,0.026580127,0.010042476,0.056837086,0.0048371553
0.04002136,0.03748556,0.048300944,0.05016399,0.009677356,0.04949638,0.016358616,0.018251954,0.026339982,0.010114654,0.05687454,0.004862657
0.03977893,0.03765903,0.048109367,0.049819026,0.009705368,0.04977723,0.016477223,0.018083755,0.026101558,0.01018241,0.056895766,0.0048841196
0.03952879,0.037795804,0.04791318,0.049460065,0.009729726,0.05008136,0.016598275,0.017922968,0.025864553,0.010249163,0.056919973,0.004901255
0.039265335,0.037922885,0.047723096,0.049099,0.009757501,0.05039154,0.01672018,0.017762613,0.025636958,0.010313731,0.056943078,0.004916803
0.038999144,0.038035348,0.047529373,0.048742592,0.009781031,0.050714444,0.016837444,0.017604703,0.02542111,0.010371978,0.056956876,0.004928262
0.038740452,0.038131654,0.047351018,0.048406813,0.009804422,0.051034153,0.01695362,0.017456744,0.025217026,0.010428145,0.056962937,0.0049385424
0.03848467,0.038204364,0.047179,0.04807668,0.009822786,0.051344752,0.017063318,0.017317396,0.025032235,0.010479178,0.05697525,0.004945962
0.038242087,0.03826026,0.047017757,0.04777614,0.009837587,0.051636763,0.017165234,0.017186726,0.02486235,0.0105247,0.056983255,0.004951894
0.038013212,0.038306847,0.046870522,0.04750496,0.009849898,0.051908813,0.017260896,0.017066166,0.024709212,0.010569582,0.05699171,0.0049568256
0.03780716,0.03834718,0.04674056,0.047264807,0.009859874,0.052165356,0.017348932,0.016952444,0.024574442,0.010606982,0.056987777,0.0049600885
0.03761024,0.038367733,0.046627387,0.047041565,0.009866054,0.052396126,0.017431546,0.01685086,0.024454972,0.010643138,0.05699773,0.004963411
0.03742767,0.03837539,0.04652296,0.04684763,0.009870103,0.05262064,0.01750796,0.016756887,0.024350679,0.010675607,0.057003107,0.0049658087
0.037259582,0.038381558,0.04644073,0.046676025,0.009873891,0.052808516,0.017576464,0.016671067,0.024257073,0.010703806,0.05700659,0.004968165
0.037099537,0.038381796,0.046370268,0.046506554,0.009874792,0.052998908,0.017637754,0.016592704,0.024173899,0.010729907,0.05700564,0.0049708416
0.036932394,0.03836339,0.046322003,0.046334345,0.009880738,0.053170055,0.017692806,0.016523,0.024087857,0.0107606035,0.057018045,0.004973552
0.042841334,0.030981498,0.028418204,0.04290611,0.008876841,0.06052875,0.01914784,0.013877194,0.026545953,0.006033208,0.050152417,0.017940247
0.041519344,0.03936512,0.028848346,0.04387573,0.008839777,0.075643286,0.020372335,0.018515391,0.029862594,0.0062741586,0.057269137,0.015050883
0.052488502,0.042266384,0.027462509,0.04826627,0.009107206,0.08338074,0.024229128,0.021679122,0.03345087,0.006374803,0.060127217,0.015603206
0.06248832,0.04736016,0.02679833,0.052803062,0.0084377,0.0840664,0.023599574,0.023551447,0.03072872,0.0066621746,0.058630265,0.018046165
0.06345978,0.047263827,0.027644888,0.055864763,0.008141777,0.0858415,0.023774274,0.026283786,0.03487993,0.0063931444,0.06191691,0.018321076
0.06596698,0.05098388,0.026974387,0.05961309,0.008925397,0.08738518,0.024763461,0.028255185,0.0411345,0.006355682,0.058190968,0.019994428
0.06879436,0.05359967,0.0263871,0.062267337,0.00958361,0.0831017,0.024096029,0.027707309,0.043833364,0.0065157055,0.054074764,0.02131347
0.0681221,0.05301833,0.025958339,0.06342508,0.010005987,0.07563542,0.023250971,0.02663193,0.04615532,0.0065066554,0.05163287,0.021117087
0.067355566,0.052269656,0.025005976,0.06418682,0.01041022,0.06871064,0.022743661,0.025516324,0.04846437,0.0065558245,0.04818321,0.021283368
0.066958524,0.05196736,0.024100045,0.064881794,0.010855481,0.0637364,0.022319673,0.0242216,0.05031477,0.006604625,0.04536142,0.021530114
0.066308595,0.052107107,0.023325618,0.06533174,0.01116453,0.06056243,0.021829082,0.02341502,0.05262136,0.006529595,0.043933567,0.02153995
0.0657897,0.052809242,0.022724485,0.065610245,0.011435085,0.05850103,0.021452496,0.023091193,0.05543759,0.006461362,0.042991202,0.02184893
0.06532568,0.0538061,0.022327837,0.06581627,0.011723173,0.057150956,0.021150168,0.022944722,0.05818859,0.0064192894,0.042249877,0.022378746
0.06473923,0.05483312,0.022072129,0.06592429,0.011993132,0.05621595,0.020872151,0.022945192,0.06072918,0.006365977,0.041725036,0.022878438
0.06402114,0.055769008,0.021886213,0.065861374,0.0122907385,0.055298038,0.02066409,0.022984367,0.06290313,0.0063288715,0.04123997,0.023360679
0.06317018,0.05651309,0.021688113,0.06571349,0.012654829,0.054267894,0.020483507,0.022893978,0.064584866,0.006301504,0.04071958,0.023702633
0.062255412,0.05720359,0.021442153,0.06560456,0.013097113,0.053214535,0.02030018,0.022647802,0.06597525,0.0062685153,0.040105645,0.023840442
0.06121147,0.058057766,0.021147083,0.0656636,0.013679489,0.052385226,0.020125765,0.022273794,0.06744753,0.0062246867,0.039285753,0.02385711
0.059926026,0.059299313,0.020756338,0.066314764,0.014479139,0.0523492,0.01992741,0.021800015,0.06938706,0.006136562,0.038236678,0.023860138
0.058551025,0.06101885,0.020401053,0.068049856,0.015548674,0.053491864,0.019750597,0.021404352,0.071966484,0.0060248924,0.03723937,0.02398722
0.05757929,0.062613636,0.020507513,0.06975611,0.016654486,0.054523528,0.019741489,0.021449713,0.07472489,0.0060637984,0.036899492,0.024286497
0.05689292,0.06344437,0.020809406,0.07076825,0.017657451,0.055224758,0.019864395,0.021690875,0.07755139,0.006179127,0.036792297,0.024630047
0.03238686,0.028154945,0.024160285,0.053854138,0.01983996,0.034915343,0.0076531027,0.036685523,0.032062713,0.0052476902,0.040107574,0.022522775
0.040742654,0.027443409,0.02847346,0.054886498,0.022302264,0.03639129,0.008221127,0.05143441,0.027172402,0.0076264553,0.04192548,0.021071931
0.037477773,0.0258536,0.02632028,0.055828165,0.022260532,0.033503775,0.0071643754,0.052929055,0.027526692,0.008610088,0.0412258,0.020180285
0.034408726,0.0234837,0.027004283,0.053241134,0.021341525,0.030429777,0.0062818215,0.052002925,0.025003877,0.009628699,0.04276189,0.018774398
0.03418633,0.020902026,0.026327394,0.053921785,0.0214023,0.032266606,0.0062760618,0.055610433,0.0240424,0.010675889,0.042705886,0.018305972
0.032416098,0.019042583,0.025457572,0.05553055,0.020889247,0.03264025,0.0063010138,0.057598908,0.023779387,0.011522,0.043351904,0.017588785
0.031264324,0.018627942,0.025146151,0.05655819,0.020726379,0.031651385,0.0063123843,0.06010786,0.023242803,0.0123737,0.04380905,0.017026376
0.030780684,0.018418102,0.025139472,0.056097414,0.020575117,0.03072712,0.006372662,0.062132563,0.022226978,0.013514108,0.043805417,0.01688082
0.030432193,0.01859556,0.025639627,0.054088987,0.020629417,0.029278053,0.0064451033,0.06351907,0.02140033,0.015063025,0.044452604,0.017086368
0.030457756,0.019002177,0.026457451,0.05269644,0.021051075,0.028095145,0.0065086805,0.06440348,0.02062942,0.016315766,0.044714466,0.017870752
0.031076958,0.01976202,0.027647976,0.05076806,0.021485142,0.02700236,0.006604328,0.0643984,0.019753478,0.017544866,0.04473316,0.019116372
0.031909466,0.020717565,0.028831128,0.048828725,0.021814363,0.02579775,0.006639644,0.06452068,0.018868703,0.018634468,0.045119196,0.020477384
0.0330406,0.02165663,0.02997291,0.047126513,0.022084482,0.024556005,0.0066478504,0.06479175,0.01800897,0.019553851,0.0456266,0.022011016
0.034663144,0.022593929,0.031233918,0.045280907,0.022303034,0.023347378,0.0066913585,0.064529866,0.01717374,0.020508302,0.046259902,0.023767645
0.036791258,0.023641028,0.03253985,0.043538664,0.022521747,0.022221357,0.0067312727,0.06386577,0.016441312,0.021485804,0.047349103,0.02552987
0.03929327,0.024804521,0.03387171,0.042135168,0.022794263,0.02130107,0.0067624697,0.06316502,0.015847748,0.022457384,0.048732083,0.027195558
0.0417984,0.0259673,0.035220444,0.04099062,0.02310127,0.020633766,0.0068013608,0.0625271,0.015353818,0.023437291,0.05000349,0.028697053
0.043941453,0.027013404,0.036436625,0.040147007,0.023416683,0.020157022,0.0068317377,0.062063597,0.01494203,0.02435323,0.051017582,0.029889792
0.04566949,0.027895123,0.037499458,0.039578155,0.023734938,0.01984747,0.0068451613,0.06176252,0.014603066,0.025169516,0.05171832,0.030778436
0.047055066,0.028625038,0.03843681,0.039172746,0.024042517,0.019662935,0.0068522575,0.061482232,0.014310276,0.02591392,0.05212239,0.031432647
0.048136786,0.029208366,0.03922392,0.03888232,0.02432652,0.019557422,0.006855852,0.061225887,0.014059199,0.026579114,0.052335754,0.031899825
0.04898854,0.029656852,0.039879315,0.038664382,0.024584126,0.019505696,0.0068524303,0.060990565,0.013849145,0.027145661,0.05241784,0.032203805
0.049667314,0.030003369,0.040418554,0.03846868,0.024820587,0.019493226,0.006850772,0.060792513,0.01367325,0.027631046,0.05240169,0.032408267
0.05021756,0.030245181,0.040847294,0.038285553,0.025021937,0.019504858,0.0068494095,0.06065465,0.013528381,0.028042018,0.052336812,0.03254478
0.05064436,0.030401364,0.0411818,0.03811442,0.025192717,0.019527797,0.00684654,0.06055958,0.013414572,0.028377693,0.052246913,0.03261532
0.050997872,0.030526863,0.041432537,0.037945516,0.02534738,0.01955786,0.006847068,0.060511034,0.013322282,0.02865618,0.05213784,0.032678664
0.051279712,0.030594891,0.041633498,0.03777617,0.02546729,0.01958342,0.0068465625,0.060494285,0.013253798,0.028883493,0.052034788,0.032732174
0.051517554,0.030645156,0.04177706,0.03762488,0.025587574,0.01961679,0.0068487967,0.060511865,0.013198201,0.029079579,0.051928505,0.032764304
0.051711377,0.030685691,0.041889634,0.03748556,0.025695138,0.019648697,0.006853154,0.060541537,0.013155021,0.029238265,0.051831566,0.032805115
0.051864423,0.030712856,0.041968804,0.037345286,0.02577882,0.01967485,0.0068575824,0.060563363,0.013120148,0.029383937,0.05174604,0.032832716
0.05200666,0.030717708,0.042034104,0.03722314,0.025853472,0.019705316,0.006861002,0.06061929,0.013093669,0.02950554,0.051677503,0.03285921
0.052112192,0.03072568,0.04207765,0.037112717,0.025915682,0.01972985,0.006865215,0.060668055,0.013071996,0.02961355,0.05161489,0.03288283
0.052198447,0.030697292,0.042124316,0.037014384,0.025951197,0.019759763,0.0068700965,0.06073074,0.013053946,0.029714212,0.05157108,0.032884907
0.05227151,0.03067766,0.042155236,0.036922842,0.025982348,0.019784652,0.0068726763,0.060789403,0.013040132,0.029798519,0.051540364,0.032890715
0.05233041,0.03065262,0.0421891,0.03684193,0.02600343,0.019805847,0.0068759033,0.06084576,0.013028194,0.0298771,0.051513027,0.03289491
0.052374005,0.030607797,0.04222243,0.03676133,0.026009226,0.019827317,0.006879345,0.060911365,0.0130212195,0.029956244,0.051508013,0.032894406
0.052411694,0.03059199,0.04223127,0.036700666,0.02602131,0.019845776,0.0068810824,0.060959112,0.01301579,0.030015418,0.05149729,0.03289191
0.05245404,0.030591164,0.042241033,0.03664844,0.026047576,0.019864554,0.0068834675,0.06099409,0.013008858,0.030072639,0.051485803,0.03289449
0.052491926,0.030601183,0.042249203,0.03661149,0.02606793,0.019881386,0.006886033,0.06102912,0.013004562,0.030128734,0.051487293,0.032903478
0.052532293,0.030607646,0.042259727,0.036576454,0.026092745,0.019895302,0.0068859193,0.061049018,0.013003391,0.030166553,0.051486526,0.032910604
0.040771335,0.02051333,0.015309386,0.06924951,0.0051185614,0.012756815,0.00391689,0.07725034,0.015375879,0.008715722,0.042688258,0.011924726
0.036867704,0.018267374,0.017772006,0.077419,0.0036219594,0.014125561,0.004055216,0.063311644,0.013985518,0.010197728,0.05094296,0.008925659
0.032215815,0.0199023,0.015602584,0.07243174,0.003083503,0.0119534815,0.004071553,0.057724904,0.010845548,0.010038205,0.053632654,0.0084705325
0.03414454,0.021022037,0.015099943,0.061588284,0.0025390415,0.010859594,0.0037991034,0.05745833,0.009956046,0.008784119,0.053363737,0.007956132
0.036072705,0.02135842,0.015454641,0.05677071,0.0021039655,0.009734675,0.0036647303,0.055501297,0.00965545,0.008465644,0.053687274,0.008435558
0.03503607,0.02211026,0.01453114,0.05504641,0.0019224199,0.009416093,0.0036352184,0.054240447,0.00973075,0.008323474,0.052551802,0.0086835185
0.03538192,0.02271075,0.014335588,0.05368205,0.0018278342,0.009481252,0.0036091083,0.055075105,0.009819391,0.00822777,0.052473314,0.008612314
0.035426028,0.023100786,0.014247136,0.053815193,0.0017739537,0.009378443,0.0036450017,0.054790508,0.009633911,0.008354577,0.052684773,0.008640472
0.03498347,0.023567231,0.0140280025,0.054229546,0.0017626556,0.009388668,0.003732626,0.054450125,0.009469844,0.008506946,0.052893195,0.008630817
0.03464786,0.023909492,0.013865851,0.05414239,0.001748608,0.00937026,0.0038001286,0.054230846,0.009282056,0.008594704,0.05312479,0.008565422
0.034164507,0.024037747,0.013604861,0.05355307,0.0017240223,0.009244408,0.0038221283,0.053623583,0.009029862,0.00859448,0.052861907,0.008459854
0.033577234,0.02397419,0.013103684,0.051901788,0.0016777177,0.009003999,0.0037786989,0.05274603,0.008695047,0.008448586,0.051789667,0.008248918
0.033343226,0.023824617,0.0127409585,0.050262507,0.001648187,0.0088458415,0.003779803,0.052194282,0.008458594,0.008311037,0.050772898,0.008113449
0.04791918,0.014570058,0.01805728,0.05025686,0.0032972815,0.014221149,0.0031674663,0.052361604,0.008776303,0.010843983,0.04879014,0.011912429
0.04425798,0.0145226,0.0251318,0.04769331,0.004717957,0.012709263,0.0028121236,0.0493628,0.011029008,0.010888613,0.04930887,0.012660419
0.046675507,0.013142664,0.03252836,0.067413464,0.0074054925,0.018746505,0.004737241,0.06120511,0.01499417,0.015431404,0.039250568,0.013814664
0.050378766,0.012126178,0.042072713,0.0645834,0.0090836,0.019997213,0.006057255,0.05573864,0.01605702,0.018733453,0.03813586,0.01311018
0.049043395,0.012917001,0.045722343,0.06743232,0.009744994,0.020776773,0.006829095,0.06013448,0.015707675,0.0208537,0.044668924,0.012340111
0.039946795,0.014243499,0.046673853,0.06473181,0.011404358,0.022476915,0.0077543035,0.06932045,0.018222328,0.021061016,0.04941925,0.012249788
0.03546702,0.01575535,0.046483256,0.059702422,0.014281223,0.025768064,0.0091515705,0.08244911,0.022830315,0.021742506,0.052739706,0.01375903
0.034104716,0.017308764,0.04624359,0.057899345,0.01704093,0.028935967,0.010718181,0.090008825,0.028097318,0.022567028,0.055341717,0.015710736
0.034194566,0.018379344,0.04688167,0.059365142,0.018971996,0.031653564,0.012152922,0.08748501,0.031899717,0.023683164,0.05684131,0.017261816
0.035182185,0.019087039,0.0478897,0.059949253,0.019773824,0.033090424,0.013516811,0.077722184,0.03354629,0.02504434,0.056597114,0.018218562
0.036540013,0.020029312,0.04947917,0.0598702,0.020313073,0.032963794,0.014904997,0.067676626,0.033924766,0.026487468,0.055900484,0.019009873
0.0371591,0.021026768,0.05027273,0.058343943,0.020384658,0.0316331,0.015721165,0.061768025,0.033839986,0.026878621,0.05514583,0.019395746
0.036808472,0.021682581,0.04968094,0.05591605,0.020138605,0.030390283,0.016072283,0.059361957,0.03404469,0.026291484,0.05423173,0.019555086
0.035623018,0.021957442,0.048006773,0.05318635,0.01981845,0.029535895,0.016297156,0.059241034,0.03479838,0.025296729,0.053712886,0.019856952
0.03454287,0.022209646,0.046029724,0.05117356,0.019662485,0.029226521,0.016586123,0.06025443,0.036049165,0.024502777,0.053822286,0.020540299
0.034196734,0.022718338,0.044577487,0.050614998,0.019866029,0.029486509,0.017005702,0.061027553,0.03753524,0.024210978,0.054210767,0.021462543
0.03435204,0.023461357,0.043772977,0.050920337,0.020303424,0.029923782,0.017511813,0.060533293,0.038804043,0.024287712,0.05431084,0.022295238
0.034620617,0.02427263,0.04328822,0.051180054,0.020779636,0.030151006,0.018041467,0.0587341,0.039581954,0.024481228,0.05390093,0.02292897
0.034833714,0.02506487,0.04285827,0.051085774,0.021207552,0.02997634,0.018573977,0.05623698,0.039883204,0.024626572,0.05321905,0.023404703
0.03487725,0.025779128,0.042259276,0.050676066,0.021518575,0.02941563,0.019063402,0.05383107,0.039947007,0.024595017,0.052549697,0.023797337
0.034705475,0.02635687,0.04135485,0.050046038,0.02168205,0.028664999,0.019463122,0.0520656,0.040035237,0.024337906,0.05203531,0.024152031
0.034372732,0.02676766,0.04019389,0.04930115,0.021751693,0.027937379,0.01977879,0.051105406,0.040307265,0.023940755,0.051712055,0.024529627
0.034054868,0.027120039,0.039023597,0.04866584,0.021768626,0.027402688,0.020058544,0.050749052,0.040782638,0.023579048,0.05160867,0.024932623
0.03391183,0.027526332,0.03804295,0.04830617,0.021847697,0.027084393,0.02036843,0.05065617,0.041404814,0.02337465,0.0516255,0.025377892
0.033987734,0.028062461,0.037335034,0.048180345,0.022046827,0.026940301,0.020754434,0.050491396,0.04207725,0.02337102,0.05162074,0.025829105
0.034232438,0.028734121,0.036860865,0.048127178,0.0223728,0.02688116,0.021230798,0.05005184,0.042702965,0.023551118,0.051474374,0.02624831
0.034538332,0.029466808,0.03650328,0.04799844,0.022776943,0.026803851,0.021755598,0.049302902,0.04317188,0.023832422,0.05116015,0.026628586
0.034802675,0.03014806,0.03613458,0.047727223,0.02317839,0.026634293,0.022220243,0.04835754,0.04342826,0.024085244,0.050728884,0.026965125
0.0391755,0.031516533,0.03549791,0.023847314,0.004824696,0.04739313,0.005421875,0.027827023,0.039232824,0.024880292,0.037683427,0.014368506
0.050395537,0.026999027,0.041979108,0.030018527,0.008068736,0.04994206,0.007118257,0.027144104,0.030939441,0.036085237,0.040331177,0.015643576
0.05111839,0.029409489,0.044365276,0.03962343,0.009214083,0.04850051,0.0077774962,0.026699997,0.029863505,0.04191439,0.04790871,0.014279256
0.048462052,0.030697428,0.04135865,0.04043109,0.008235954,0.045571506,0.0069998135,0.025347719,0.028832154,0.038006213,0.0467075,0.013097743
0.050799575,0.028361684,0.03743042,0.037597384,0.008690113,0.04780365,0.0068598166,0.027771363,0.026390769,0.036583707,0.045898423,0.013585933
0.05607429,0.029687839,0.036531005,0.04058534,0.008791533,0.049524464,0.007173122,0.02750662,0.024897194,0.038738523,0.048293352,0.013867312
0.05958089,0.03211872,0.035965554,0.043734044,0.00885755,0.050508317,0.007117178,0.026871108,0.024552105,0.03847209,0.049490448,0.013856616
0.062063515,0.033382516,0.035695378,0.04614244,0.009232366,0.05179554,0.007081097,0.0260928,0.024156306,0.03773958,0.049132425,0.013815288
0.062776946,0.03448408,0.03552692,0.049240302,0.009402764,0.05246139,0.007228814,0.024990467,0.023805223,0.03752006,0.04925984,0.013785696
0.06262509,0.03525853,0.034644417,0.05272357,0.009427602,0.052927263,0.007267507,0.02379752,0.023422278,0.03642118,0.049075395,0.013749269
0.061869476,0.03524714,0.033403818,0.05550535,0.009389963,0.05325119,0.0072666123,0.023076365,0.023070848,0.035234265,0.048350703,0.013751649
0.061195426,0.035053365,0.032230586,0.05707554,0.009257315,0.053582955,0.007307584,0.0226738,0.022817628,0.034642566,0.04778703,0.013751119
0.06101946,0.034944944,0.031227255,0.05765785,0.009117048,0.05398832,0.007326824,0.022411056,0.022675755,0.034336973,0.047469977,0.013744266
0.061008483,0.03489259,0.030343184,0.057899363,0.009009237,0.05437808,0.007345517,0.022281466,0.022566235,0.03415851,0.04728728,0.013732702
0.060978938,0.034913257,0.029619657,0.057980772,0.008898535,0.054579835,0.0073784958,0.022178032,0.02246879,0.0341159,0.04726257,0.013726682
0.060998023,0.034926303,0.029037254,0.05789516,0.00878629,0.054605033,0.007398667,0.022067945,0.022369752,0.03413576,0.04730504,0.013729026
0.061064973,0.034910336,0.028528713,0.057721287,0.008678664,0.05451769,0.0074060387,0.021982688,0.022263188,0.0341657,0.047373023,0.0137319
0.061109096,0.0348873,0.028090099,0.057522055,0.008571769,0.05433448,0.0074123438,0.021915125,0.02215059,0.034209326,0.04747592,0.013744428
0.061189625,0.03486989,0.027714655,0.057283502,0.008467958,0.054099467,0.0074116034,0.021860326,0.022041786,0.034260176,0.047608547,0.013758868
0.06128938,0.034850106,0.02737809,0.057083048,0.008372413,0.053852748,0.0074041947,0.021833282,0.021937825,0.03431418,0.047766685,0.013775326
0.061350744,0.03484142,0.027080776,0.056919973,0.008284148,0.053600777,0.007395194,0.02182761,0.02184902,0.034371156,0.047936954,0.013799388
0.06143543,0.034826677,0.026828647,0.056759767,0.008204135,0.05337499,0.00738188,0.021834863,0.021774303,0.0344466,0.048129026,0.01382527
0.0615125,0.034826122,0.026601823,0.056658987,0.008129559,0.053167176,0.0073649716,0.021859642,0.021706957,0.034525257,0.04833628,0.013851059
0.061589688,0.03484413,0.026402276,0.056614716,0.008061603,0.053007975,0.007344992,0.021898225,0.021651462,0.034599274,0.048556536,0.013872465
0.06157673,0.034805767,0.026262347,0.05657848,0.008004702,0.05282795,0.007330356,0.021936037,0.021632059,0.034697026,0.048818506,0.013938207
0.061636817,0.03481762,0.026128117,0.056588862,0.007950388,0.052720938,0.0073093316,0.021983033,0.021609368,0.0347914,0.049062833,0.013973911
0.061693735,0.0348436,0.025997626,0.056651544,0.007900973,0.052657876,0.0072872424,0.02204928,0.021585276,0.034880117,0.049311787,0.014000698
0.06175435,0.034882385,0.025892008,0.056764796,0.007857193,0.05262846,0.0072645457,0.022114057,0.021573734,0.034967173,0.049568105,0.014028576
0.061829586,0.034919735,0.025801834,0.05690539,0.007818655,0.052625455,0.0072429604,0.022181472,0.021566715,0.035059653,0.049809173,0.014056554
0.061910726,0.03497445,0.02572789,0.057071447,0.0077852053,0.05264028,0.007221737,0.0222486,0.021563148,0.035143886,0.050055567,0.014084489
0.062015638,0.035031587,0.025667578,0.057245135,0.007754952,0.05266965,0.007201799,0.022312326,0.021563485,0.03523476,0.050294623,0.014111954
0.062106155,0.035083245,0.02561232,0.057440653,0.0077287923,0.052712545,0.007183803,0.022376774,0.021564437,0.035319045,0.05051319,0.014136363
0.062185552,0.035136938,0.025567072,0.05763899,0.0077058384,0.05275592,0.0071668047,0.02243573,0.021566316,0.035389334,0.05071768,0.014158409
0.0622477,0.03517949,0.025525913,0.05783157,0.0076846145,0.05281061,0.007150134,0.02249295,0.021566482,0.035455164,0.050901584,0.014179809
0.06232829,0.035217915,0.02549483,0.058000375,0.0076677287,0.052871466,0.0071359305,0.022543313,0.021572078,0.035520248,0.051072,0.014201035
0.062405113,0.03524583,0.025470652,0.058167275,0.0076542874,0.05294494,0.007123344,0.022592554,0.021573454,0.03558756,0.051225096,0.014221455
0.06246887,0.03528271,0.025448103,0.05833001,0.007642171,0.05301075,0.007110927,0.02263324,0.021578042,0.03564274,0.05136344,0.014239156
0.0625222,0.035312477,0.025424391,0.058491442,0.007633102,0.05308018,0.0071007744,0.02267642,0.021585584,0.03568841,0.05148851,0.014256401
0.06256346,0.035334498,0.025407081,0.058637347,0.007624453,0.053138547,0.0070927506,0.022714702,0.021588398,0.035731047,0.05159671,0.014272828
0.06261847,0.035352875,0.025390591,0.058769684,0.007618683,0.05320443,0.0070851217,0.022745928,0.021595838,0.03577785,0.05169942,0.014289581
0.069742166,0.03543032,0.033359665,0.06847543,0.016010266,0.0776048,0.011279726,0.023758287,0.02639393,0.032652613,0.06588756,0.017242534
0.061208334,0.027210128,0.032909617,0.05455969,0.014356261,0.07391414,0.009260284,0.027221138,0.031082287,0.032186117,0.05337394,0.01286789
0.054034,0.02286639,0.033249997,0.04959907,0.01676211,0.079289116,0.010835552,0.031942412,0.028342392,0.03711749,0.04952428,0.015115835
0.055637486,0.02356048,0.03392954,0.05466837,0.017775876,0.07979735,0.012555279,0.03296944,0.028727131,0.03590299,0.05216562,0.013868909
0.05221148,0.024103818,0.03358105,0.053160384,0.01730899,0.07712114,0.012241097,0.033407304,0.029853242,0.032390766,0.052072097,0.013145343
0.047648195,0.0230062,0.031231329,0.049103834,0.017283347,0.07729573,0.012257118,0.034900814,0.030174084,0.028728053,0.05091019,0.0131000355
0.046540927,0.023970384,0.030675523,0.047982667,0.016958531,0.07659207,0.012941141,0.03592426,0.030735096,0.027517252,0.05183131,0.013538489
0.046080656,0.025564862,0.030002883,0.047764406,0.016818132,0.07497017,0.013324689,0.03711003,0.03216697,0.026445245,0.052592646,0.014080511
0.04629092,0.026740236,0.029867496,0.04876806,0.01730899,0.07321497,0.0138253365,0.037052374,0.033963308,0.02601488,0.05231649,0.014643247
0.046652194,0.027558375,0.030304873,0.05013872,0.017632458,0.070252,0.014395387,0.036376182,0.03530171,0.02587324,0.05220079,0.014990445
0.046732202,0.02814291,0.030744566,0.050698433,0.017541446,0.06598618,0.014823715,0.035583403,0.036213666,0.025615044,0.052290127,0.015152636
0.046738748,0.02852114,0.030968403,0.050419055,0.017182732,0.061165016,0.015166442,0.035094205,0.03693926,0.025147557,0.052445274,0.015289697
0.046765193,0.0286952,0.030871706,0.049712457,0.016660813,0.056248844,0.015398229,0.035166446,0.037583064,0.024454514,0.05273022,0.015413707
0.046741836,0.028755741,0.030527651,0.048949134,0.016163494,0.051701102,0.015570112,0.035682756,0.03825568,0.023686506,0.053091493,0.015581524
0.046808615,0.028858557,0.0301593,0.048434183,0.015851555,0.04786753,0.015775135,0.036336638,0.038968097,0.023070835,0.053421654,0.015845852
0.04703294,0.02908496,0.029894479,0.048294313,0.015744152,0.044762213,0.01601264,0.036882695,0.039657105,0.022657111,0.05364617,0.016158277
0.04728608,0.029413087,0.029744973,0.04837503,0.01577335,0.042234104,0.016248982,0.03716451,0.040259726,0.022394076,0.053707015,0.01646745
0.047447324,0.029765127,0.029667672,0.04844628,0.015869293,0.040120326,0.01647462,0.03716171,0.04072433,0.022222595,0.05359397,0.016746964
0.04743117,0.030079754,0.029598296,0.048391815,0.015977398,0.038298216,0.016690385,0.03698963,0.04104283,0.022095032,0.05336461,0.01700062
0.047275018,0.030348117,0.029497694,0.04822669,0.01608061,0.036735628,0.016894104,0.036793936,0.041271515,0.02198538,0.05309858,0.017236225
0.06354675,0.0120103145,0.014475193,0.049965516,0.014018435,0.028914075,0.008916333,0.050612755,0.03598895,0.01883167,0.02483671,0.006259898
0.061713416,0.012525744,0.022066519,0.044845063,0.014694856,0.029461049,0.009902808,0.04970847,0.029129859,0.024046255,0.02790031,0.0078238575
0.0646777,0.0127295265,0.022630459,0.045494337,0.015389115,0.027033491,0.009373199,0.051135752,0.030490795,0.023572141,0.03245473,0.0072186133
0.06671324,0.014283329,0.022777276,0.047715798,0.01723726,0.025809662,0.008632095,0.052645426,0.030062355,0.023921598,0.03617129,0.0068296483
0.06850996,0.015174348,0.024056211,0.04672074,0.018429397,0.026612494,0.0088582,0.0523342,0.028692788,0.02498619,0.03712015,0.006790353
0.070431195,0.015408181,0.024975471,0.0459193,0.01960227,0.026225084,0.009200142,0.05294837,0.027195502,0.02630186,0.0375966,0.0068524564
0.07189855,0.015416546,0.025790896,0.04429447,0.020352524,0.026261121,0.009192473,0.053492215,0.02580457,0.02651629,0.037198823,0.0070077027
0.07150996,0.015425371,0.026566755,0.04258791,0.02089374,0.026650498,0.009277817,0.05287794,0.024829568,0.026941478,0.036714196,0.00728035
0.070301265,0.015399864,0.027001733,0.041062977,0.021266721,0.026820898,0.0093608415,0.052546427,0.024072425,0.02692557,0.036194313,0.007484498
0.06916049,0.015403588,0.027285531,0.03961593,0.021633018,0.027022745,0.009401894,0.052085184,0.023445876,0.026535643,0.03550993,0.0076841596
0.06799217,0.015509071,0.02771702,0.038360946,0.022379065,0.027332686,0.0095864935,0.05129638,0.023057748,0.026136076,0.034829963,0.007975999
0.067138724,0.015746618,0.028381646,0.037439942,0.02361839,0.027701711,0.009960968,0.050626513,0.022874516,0.025802908,0.034326755,0.008390254
0.06687984,0.015902817,0.028999234,0.03673234,0.024568211,0.028030783,0.010298988,0.050255075,0.022752719,0.025448557,0.034002565,0.0087994225
0.06690641,0.0158747,0.029399883,0.036048476,0.024986204,0.028275492,0.010513916,0.050040063,0.022556083,0.0250717,0.033695012,0.00912077
0.067050345,0.015754653,0.029684555,0.035374224,0.025165282,0.028482877,0.010660942,0.049849413,0.022302043,0.024715131,0.03337058,0.0093697505
0.067252375,0.01562914,0.029960759,0.034761615,0.025256135,0.028685985,0.010780438,0.049572013,0.022047095,0.024435448,0.03306657,0.009579141
0.067439176,0.0155210085,0.030236837,0.034228053,0.025312124,0.028878432,0.010882621,0.049244512,0.021823706,0.02422814,0.032790925,0.009761059
0.06763363,0.015415929,0.030512117,0.033755306,0.025345173,0.0290572,0.010966065,0.04886578,0.021623144,0.02407524,0.032523092,0.009923405
0.067862704,0.015315282,0.030765323,0.033346154,0.02537077,0.029233377,0.011035818,0.04845329,0.02143911,0.023967875,0.032255374,0.0100728115
0.06805636,0.015221807,0.030998643,0.032986935,0.025385829,0.029398542,0.011099312,0.047998343,0.021278873,0.023883192,0.031995572,0.010208173
0.06828507,0.0151333725,0.031213058,0.03268078,0.025400482,0.029549092,0.011158031,0.047526583,0.021135863,0.023819985,0.031739876,0.01033077
0.068543255,0.015052501,0.03140273,0.03242101,0.02540803,0.029704561,0.0112164235,0.047056634,0.021000532,0.023756374,0.03148387,0.010440518
0.068807006,0.0149799725,0.031584032,0.03220081,0.025401454,0.029851152,0.011277632,0.046598904,0.0208707,0.023694526,0.03123598,0.01053833
0.0691167,0.01491633,0.03178193,0.03200202,0.025410108,0.030004049,0.011338374,0.046118364,0.02075082,0.023651388,0.031001722,0.01063158
0.06945889,0.014866912,0.031955212,0.031862173,0.025399148,0.030155806,0.011407047,0.04570246,0.020627167,0.023585575,0.030773977,0.010708787
0.069749355,0.014806949,0.03214906,0.03172365,0.025398575,0.030293515,0.011477606,0.04538826,0.020504478,0.023516316,0.030578224,0.010788378
0.070104554,0.014754827,0.032364387,0.031588268,0.025416238,0.030448057,0.011554511,0.04497564,0.020398866,0.023482595,0.030389875,0.010873616
0.070460595,0.014702011,0.032628983,0.031434834,0.025467817,0.030622762,0.0116165085,0.044549435,0.020288153,0.023483409,0.030215068,0.010957189
0.07081872,0.014647935,0.032901455,0.031284947,0.025544394,0.030802587,0.011676671,0.0441374,0.020176155,0.023500882,0.030049047,0.011041569
0.07116035,0.014595075,0.03317038,0.031155478,0.02564089,0.030999776,0.011740306,0.04370755,0.020072477,0.023541262,0.029884156,0.011120901
0.07147435,0.014549082,0.03341425,0.031065648,0.025772583,0.031217825,0.0118087465,0.04326529,0.019978955,0.023601007,0.029718017,0.011191669
0.07174973,0.01450786,0.03363831,0.031018939,0.02595869,0.031477995,0.011885535,0.04281616,0.019893164,0.023703381,0.029547706,0.011253386
0.07196066,0.014462661,0.033834673,0.03101816,0.026249887,0.031796206,0.011970704,0.04235807,0.019805385,0.023869818,0.029360143,0.011304482
0.072053984,0.01441727,0.03400748,0.031075254,0.026691161,0.03221418,0.012072452,0.041890558,0.019725192,0.02412231,0.029155437,0.011339015
0.07202311,0.014369289,0.03415747,0.031195676,0.027312286,0.032737236,0.012193748,0.04142632,0.019641204,0.024480134,0.028934905,0.011364275
0.0718981,0.014323688,0.034269493,0.03136626,0.028070187,0.03334019,0.01233696,0.040921703,0.019563904,0.024912085,0.028691001,0.011375
0.07160386,0.014275772,0.03434137,0.031614754,0.02909634,0.034095135,0.012508775,0.040447753,0.019476768,0.025479773,0.02842558,0.0113646975
0.07119784,0.014205215,0.034448575,0.031797342,0.030142501,0.034833625,0.012658684,0.04012433,0.019372687,0.026029533,0.028194448,0.011360444
0.07106673,0.014153065,0.034539692,0.03191157,0.030768234,0.035322253,0.012770275,0.039732497,0.019313201,0.026353668,0.028002942,0.011371842
0.07031968,0.013982251,0.0348195,0.031825613,0.032032676,0.036021553,0.012781462,0.039932452,0.01909814,0.026968444,0.027842667,0.011378932
0.070246726,0.013920956,0.034897424,0.031854477,0.03232605,0.036283456,0.012824522,0.039917573,0.019020861,0.027058091,0.02773081,0.011391092
0.07062981,0.013935428,0.034884386,0.03194275,0.0323207,0.036433645,0.012933299,0.03923223,0.01906371,0.027087204,0.027570149,0.011433188
0.07066615,0.01388436,0.034934595,0.031900644,0.032313187,0.036500834,0.01293834,0.03924443,0.018990962,0.027020907,0.027480086,0.011442532
0.070656344,0.013817739,0.03498705,0.031842396,0.03230849,0.036552444,0.012923411,0.03934516,0.018914316,0.026956059,0.027412113,0.011455613
0.070648946,0.013752165,0.03503435,0.031798214,0.03230674,0.036603022,0.012912801,0.039459657,0.018843967,0.02689315,0.027347594,0.011464835
0.07062608,0.013688305,0.035074223,0.031750977,0.032302562,0.03664764,0.012902381,0.039577875,0.018774398,0.026831055,0.027282715,0.011470354
0.07060026,0.013621323,0.03510729,0.03170164,0.0322995,0.036686793,0.012885406,0.039708585,0.018703835,0.026770823,0.02722173,0.011474485
0.07058194,0.01355801,0.035138443,0.03166041,0.032292683,0.036726106,0.0128697315,0.039835855,0.0186383,0.026714884,0.027164588,0.011477136
0.070557855,0.013500949,0.035165507,0.031626865,0.03228918,0.036763236,0.012851577,0.03995816,0.018581197,0.02666061,0.027111826,0.011478559
0.07053504,0.013441742,0.03519248,0.03158799,0.03227946,0.036795948,0.012832257,0.04006629,0.018522337,0.026610455,0.027057523,0.011477514
0.070503935,0.01338825,0.035215326,0.03156509,0.03226565,0.036832456,0.012811459,0.040163722,0.01847215,0.026558977,0.02700609,0.011474528
0.07046671,0.013333971,0.03523617,0.03153327,0.032255385,0.03686053,0.012792729,0.040276226,0.018422995,0.02651033,0.026957303,0.01146944
0.070434265,0.01328189,0.035253584,0.031505615,0.032243606,0.036889,0.012771856,0.04040064,0.018375175,0.026462788,0.02691479,0.0114645
0.070374034,0.013226375,0.035271924,0.03147694,0.03223525,0.036915474,0.012748699,0.040537123,0.018323459,0.026419362,0.026869608,0.011456839
0.07031591,0.013175843,0.03528868,0.0314498,0.032223582,0.0369393,0.012726806,0.040679403,0.018277377,0.026375048,0.02683338,0.011448229
0.07025598,0.013129134,0.035300877,0.03142633,0.032208487,0.036965325,0.012703472,0.040816676,0.018238215,0.026328042,0.02679535,0.011436626
0.07442518,0.019560387,0.04517995,0.033905398,0.031252716,0.042014025,0.017415732,0.04358337,0.021426655,0.029448817,0.030529674,0.017863289
0.063300036,0.016871445,0.042671505,0.039053142,0.03409542,0.04431836,0.017495701,0.042686086,0.021459674,0.026424723,0.031019885,0.018178212
0.061035685,0.018551713,0.04097808,0.040102344,0.03640417,0.0458989,0.020281492,0.04610579,0.024037333,0.02713995,0.032106657,0.01800727
0.055504985,0.019676711,0.042207893,0.039489828,0.03519511,0.04719195,0.02090656,0.044669617,0.027889835,0.028401004,0.03402929,0.018210977
0.059164606,0.020528335,0.04048003,0.041084934,0.034282997,0.046909716,0.020519659,0.043490943,0.03120045,0.030388674,0.035138752,0.018793767
0.062610425,0.02230634,0.037535053,0.042883776,0.033554573,0.04628371,0.020410942,0.043551445,0.034410886,0.032364283,0.036712468,0.019574806
0.06731463,0.025820797,0.03698111,0.04401171,0.0341431,0.045740116,0.020291626,0.042725172,0.037982926,0.03424076,0.039457653,0.022110146
0.0698764,0.029114543,0.037472434,0.046769314,0.036519703,0.045531653,0.020188946,0.041526962,0.040321022,0.034731787,0.041547656,0.02438457
0.06570345,0.031439565,0.038025063,0.048054565,0.03818667,0.04448348,0.020743234,0.03958122,0.040253945,0.034121323,0.042669635,0.025354398
0.05901147,0.033020936,0.038471155,0.047668807,0.038703386,0.042251103,0.021837585,0.037242174,0.03938417,0.03296868,0.043146152,0.025951553
0.054203235,0.033993874,0.03815583,0.047069456,0.0378516,0.03947129,0.022687033,0.035140086,0.03885683,0.031626124,0.043471448,0.02613357
0.05135696,0.034590967,0.037212826,0.046618897,0.03634802,0.03716345,0.022954276,0.03365263,0.038930185,0.030436758,0.043802585,0.025861394
0.0491991,0.034942474,0.036020935,0.04636241,0.035005506,0.035692636,0.022945326,0.03286952,0.039624956,0.029622085,0.044207703,0.025536122
0.04780321,0.03541341,0.034989096,0.046641592,0.03424025,0.03504983,0.022957081,0.032526087,0.040742226,0.029268468,0.044727176,0.025451697
0.046929162,0.03599362,0.03420739,0.04747252,0.034130342,0.03492233,0.022950869,0.032516815,0.042015906,0.028995905,0.04541984,0.025667248
0.046023045,0.03648717,0.033544708,0.04828912,0.03437884,0.03481184,0.022874797,0.03260833,0.043107133,0.028545823,0.046122734,0.025947727
0.04523205,0.03698355,0.03311375,0.04869264,0.034524113,0.034439903,0.022874521,0.032466523,0.043694984,0.028150123,0.04653317,0.026028937
0.044431742,0.03739659,0.03284047,0.048574317,0.034295164,0.033835374,0.022942856,0.032109365,0.043925438,0.027839001,0.046662617,0.02600555
0.043677416,0.03769307,0.032596022,0.048208892,0.0338545,0.03310406,0.023029175,0.031656854,0.04402378,0.02757388,0.046664253,0.02597228
0.04305459,0.037901293,0.032295536,0.047886383,0.033347707,0.03241829,0.023093987,0.03120889,0.04419016,0.02734971,0.046648122,0.025934594
0.04259801,0.038090114,0.031965055,0.047740277,0.032876704,0.031884603,0.023140786,0.030828824,0.04451577,0.027185848,0.046665132,0.025899142
0.04624789,0.03623977,0.025977613,0.025124377,0.006519351,0.06635561,0.006252857,0.014189678,0.04015807,0.03227973,0.031812266,0.012112259
0.05656097,0.03396738,0.03125491,0.028112937,0.010882934,0.06113314,0.00811378,0.016977174,0.02927402,0.03712204,0.03322153,0.013682584
0.053814147,0.036775514,0.034738783,0.04226375,0.012096578,0.057137277,0.008329722,0.018427506,0.027307853,0.04120572,0.040533587,0.012740035
0.050221346,0.038158387,0.032841817,0.04835315,0.011212653,0.056432366,0.0074612964,0.016909864,0.026723355,0.03899725,0.040849093,0.011763217
0.053436603,0.035470087,0.030575752,0.04658501,0.012409331,0.06365263,0.007592061,0.017440196,0.0260856,0.03821193,0.040067814,0.012004274
0.059719317,0.036409892,0.030100891,0.052482437,0.012610573,0.06932612,0.008076487,0.017524837,0.025508096,0.041031513,0.04228594,0.01199746
0.062973104,0.03782129,0.02880653,0.058622304,0.012346703,0.07286816,0.008126199,0.017712597,0.026009686,0.041528273,0.04378708,0.011795865
0.06481838,0.03729204,0.027694443,0.060294308,0.012347579,0.07497479,0.008045717,0.017799888,0.026192537,0.041324228,0.04369871,0.011730667
0.064940535,0.03676769,0.027495079,0.06081428,0.0122830495,0.07495678,0.008148043,0.01792456,0.026002511,0.04193083,0.044098824,0.01170066
0.06432541,0.036318075,0.027239516,0.061500505,0.012073073,0.074421406,0.008147855,0.01784451,0.025755934,0.04181612,0.0443804,0.01163743
0.06351002,0.0353934,0.026779732,0.061659172,0.011934973,0.073866546,0.008100819,0.017753303,0.025569277,0.04116753,0.04412507,0.011611096
0.06276021,0.034723956,0.026451955,0.061456338,0.011807361,0.073310494,0.008104659,0.017726365,0.025271904,0.040873613,0.043982353,0.01160488
0.062906235,0.034488354,0.026345508,0.060758512,0.011627436,0.07251707,0.008042532,0.017663574,0.024772868,0.04087373,0.04400574,0.01159915
0.06371247,0.034410957,0.02631201,0.05981157,0.011450204,0.07174725,0.007923374,0.017547553,0.024199815,0.04082037,0.043960005,0.011585708
0.06413387,0.034408946,0.026255812,0.059368677,0.011326674,0.07137377,0.0078354115,0.017426066,0.02378443,0.04057802,0.043885086,0.011566972
0.06409742,0.03443302,0.026207821,0.059493344,0.011255993,0.07123773,0.0077818916,0.01736022,0.0235391,0.040295325,0.043830484,0.011563571
0.06390679,0.034440808,0.026172537,0.05988518,0.011204319,0.071114905,0.0077447887,0.01733455,0.023384584,0.040070537,0.043773536,0.011577428
0.063696235,0.03447058,0.026158484,0.060350377,0.011146962,0.07092992,0.00772009,0.01732556,0.023271002,0.039924208,0.043753244,0.011601336
0.06358057,0.03452315,0.026155692,0.06084237,0.011082675,0.07076366,0.007700018,0.017320106,0.02318959,0.0398265,0.04377112,0.011629189
0.072046235,0.033396367,0.035323244,0.0660475,0.019616483,0.08670925,0.011932763,0.02002629,0.027911777,0.035128422,0.060024355,0.015294507
0.063295856,0.026442176,0.034501597,0.05530881,0.01739031,0.084683344,0.00968004,0.023649147,0.03350702,0.034466177,0.050139517,0.011799434
0.055072002,0.022684064,0.035571724,0.05045361,0.020367531,0.09169187,0.011329606,0.02854333,0.0300595,0.039359417,0.046843838,0.013757918
0.050457954,0.020212295,0.017276302,0.097041294,0.0040070247,0.0442386,0.014902142,0.04884536,0.037304156,0.011608386,0.03702325,0.009540348
0.042985745,0.015673026,0.020903233,0.081549875,0.004347126,0.047654767,0.010065887,0.03777863,0.043795828,0.00890312,0.03901268,0.00838795
0.050123744,0.01614126,0.024122417,0.097694464,0.0047279536,0.051875282,0.013784309,0.042702604,0.04290002,0.008797381,0.0478197,0.008418218
0.051849656,0.015551903,0.022521216,0.103065886,0.0045256596,0.049258158,0.014145809,0.040869653,0.043590352,0.008738285,0.04901976,0.008060268
0.049395468,0.014389665,0.022256149,0.09576114,0.0044578053,0.043927412,0.013795442,0.03844702,0.045017675,0.0084667485,0.048321716,0.008587909
0.04839101,0.013701825,0.020988904,0.09160276,0.0044210744,0.040294345,0.014387183,0.03539688,0.043518282,0.008334071,0.04851538,0.0096092345
0.04861001,0.013487879,0.01950137,0.08569192,0.004308078,0.038340006,0.013995387,0.033385776,0.04170964,0.008371878,0.047629353,0.0098629845
0.046906527,0.013509805,0.018820468,0.07894003,0.0042185998,0.03604709,0.013797901,0.03216633,0.040869277,0.008356829,0.04670378,0.010062965
0.045213334,0.013764758,0.01828248,0.07500629,0.004118856,0.03390367,0.014028199,0.03111183,0.040392075,0.008369512,0.04661823,0.010365065
0.043978143,0.014092344,0.017467715,0.07364928,0.0040599816,0.03213261,0.014213075,0.03019515,0.040648792,0.008310853,0.047084197,0.010635012
0.042482276,0.01431292,0.016478559,0.07383483,0.0040358016,0.030429982,0.014495736,0.029143889,0.041935455,0.0080703655,0.04786537,0.011049127
0.040819585,0.014404585,0.015418029,0.07510247,0.004015168,0.029098334,0.014672209,0.028084906,0.043508857,0.007782432,0.04842665,0.011431436
0.039456442,0.014476771,0.014539275,0.07650125,0.0040133093,0.02832696,0.014678972,0.027380906,0.044604577,0.0075811762,0.0486335,0.011598553
0.0385143,0.014615965,0.013956393,0.07753629,0.004035278,0.027935632,0.014758377,0.02697878,0.045113843,0.00747291,0.0487703,0.011668458
0.037850473,0.014797268,0.013567336,0.07837224,0.004069339,0.02770689,0.014918257,0.026693443,0.045297954,0.0074146073,0.048888423,0.011727594
0.03738155,0.014983828,0.013283284,0.07909747,0.004108183,0.027504131,0.015111108,0.026432652,0.045349248,0.007373968,0.048992537,0.011807393
0.0370099,0.015157732,0.013069998,0.079671286,0.0041448087,0.02727725,0.015320979,0.026166959,0.045353614,0.0073341075,0.049085196,0.011912788
0.036697876,0.015308006,0.012899528,0.080196254,0.004176832,0.02703507,0.015538978,0.025921922,0.045386482,0.0072921137,0.04917519,0.0120284865
0.0364238,0.015438355,0.012758708,0.08080619,0.0042066495,0.02680696,0.015768355,0.025710052,0.045480154,0.007249866,0.049270317,0.012146569
0.03617258,0.015548778,0.012640645,0.08153811,0.00423525,0.02661127,0.016009057,0.025546845,0.045624875,0.0072100814,0.04939556,0.0122576095
0.035951164,0.015643833,0.012553866,0.08242308,0.0042634015,0.026470762,0.01626547,0.025442658,0.045825634,0.007176739,0.049550004,0.0123560615
0.03573486,0.015727932,0.012490501,0.08346315,0.0042930096,0.02638707,0.016540453,0.025390591,0.046043124,0.0071512954,0.049738377,0.012441378
0.035530742,0.015805235,0.01245208,0.08461359,0.0043235095,0.026356798,0.016836759,0.025377486,0.046259556,0.007132942,0.04995323,0.012518681
0.035344824,0.015881741,0.01243306,0.08579936,0.004353597,0.026371252,0.017132139,0.025406217,0.04646758,0.0071179736,0.050178092,0.012568617
0.035157192,0.015952302,0.012426212,0.08697948,0.004380171,0.026402375,0.01742645,0.025442036,0.046649065,0.007104385,0.050384063,0.01260774
0.034992535,0.016017456,0.012437142,0.08815103,0.0044050184,0.026429819,0.01772546,0.025480175,0.0468235,0.0070926896,0.05059384,0.012647241
0.03483716,0.016080678,0.012459383,0.089291744,0.0044269953,0.026455045,0.018010652,0.025517553,0.046995748,0.0070779836,0.050790988,0.01268245
0.034694526,0.016137112,0.012492535,0.09040391,0.0044464413,0.026465222,0.018285213,0.025557874,0.047180418,0.007062123,0.050977353,0.012717
0.0345718,0.016181292,0.012537303,0.09145244,0.0044618347,0.026471905,0.018540425,0.025603438,0.047364872,0.0070454576,0.051155664,0.012748159
0.03446832,0.016221697,0.01257896,0.092436194,0.004477729,0.026499482,0.01877824,0.025659176,0.04751988,0.0070311115,0.05133507,0.012770461
0.034376927,0.01624912,0.012619998,0.093348555,0.004491618,0.026536621,0.018995836,0.025721181,0.04765778,0.007018808,0.051524155,0.012786793
0.034269184,0.016262967,0.0126549015,0.09419322,0.004505209,0.026581956,0.019205403,0.025786512,0.047794584,0.0070064357,0.0517273,0.012801891
0.034167774,0.016267072,0.012683603,0.095006146,0.004515996,0.026632968,0.019400112,0.0258479,0.047920257,0.006994344,0.051929712,0.012812864
0.03405007,0.016259573,0.012707156,0.0957424,0.0045253676,0.026685864,0.019581594,0.025902314,0.048009157,0.0069833104,0.05212736,0.012820544
0.033926856,0.016244845,0.012728903,0.096416235,0.004534745,0.02674254,0.019747796,0.025955122,0.048099574,0.0069718133,0.0523118,0.012826943
0.03380471,0.016226338,0.012745398,0.097024895,0.0045416728,0.026800511,0.019903015,0.026005141,0.048175916,0.006960756,0.05249547,0.012833684
0.03366683,0.016200304,0.012755801,0.09760386,0.004548078,0.02685696,0.020043606,0.026049057,0.048228662,0.0069497563,0.05266034,0.012839043
0.044606943,0.018530188,0.02007229,0.09026304,0.007876326,0.035702888,0.017189328,0.02519144,0.04171778,0.01293062,0.060230754,0.016701305
0.040891744,0.021327535,0.026460843,0.080317885,0.00737329,0.029564368,0.019952888,0.029979447,0.04511221,0.013348339,0.052476726,0.018213365
0.036173355,0.021040661,0.026771568,0.096386746,0.0070801415,0.027850837,0.020058312,0.030368038,0.044693444,0.0129586635,0.057837434,0.016147539
0.036245905,0.023059335,0.0278275,0.09427786,0.008108225,0.02902415,0.020635048,0.026597144,0.04797535,0.013264879,0.056968518,0.016796716
0.0374371,0.02475621,0.02768628,0.100642614,0.009317673,0.031271227,0.020698978,0.02594407,0.054298043,0.013273674,0.0597124,0.017991535
0.04050127,0.027835678,0.02809465,0.11798764,0.01055144,0.034370523,0.02042416,0.026838483,0.061290823,0.013839568,0.06156602,0.019311232
0.043485124,0.031369343,0.028968979,0.13465811,0.011789415,0.03745036,0.020550545,0.027457094,0.065724894,0.0146348635,0.0621667,0.019680617
0.045452017,0.034099564,0.030523507,0.13657157,0.012567871,0.038670458,0.021031931,0.02827355,0.0651404,0.0153500475,0.062316615,0.01939579
0.045650974,0.035587773,0.031917103,0.12809089,0.013192792,0.03716639,0.021852974,0.028587472,0.061678518,0.015799161,0.061779417,0.01947425
0.045549292,0.036191087,0.032495048,0.118588485,0.0135932835,0.034277353,0.02217749,0.027923556,0.059189133,0.01593911,0.060635556,0.019725323
0.046161227,0.03620334,0.032456804,0.11261099,0.013523526,0.032198533,0.02169002,0.02664646,0.05868374,0.015625648,0.05926206,0.019563783
0.046289593,0.0356847,0.03194558,0.10855324,0.013222125,0.031346995,0.020993998,0.02515831,0.060130496,0.014963452,0.058070682,0.01922229
0.046104718,0.035130627,0.031039622,0.10524957,0.013019443,0.03134068,0.020463288,0.023957074,0.062272117,0.0144034615,0.057225723,0.019045992
0.046799596,0.035400387,0.030392634,0.104919344,0.0131498715,0.031937152,0.02031066,0.023476308,0.064219944,0.014294666,0.056934245,0.01906914
0.04797963,0.036425665,0.03015154,0.107401036,0.013475702,0.03258787,0.020348972,0.023416134,0.06574241,0.014395319,0.056927804,0.019092979
0.04886306,0.03772882,0.030263908,0.10962865,0.013906858,0.032962754,0.020473963,0.023474475,0.06639064,0.014544836,0.056759026,0.019085001
0.049149394,0.038878873,0.030619513,0.10969325,0.014432468,0.032847125,0.020725982,0.023561016,0.06594413,0.014728212,0.056384638,0.019097963
0.048935674,0.039655518,0.030967817,0.10794417,0.014982337,0.03223325,0.021070555,0.02357942,0.06497436,0.014949669,0.055965412,0.0192035
0.048543036,0.040015284,0.031092204,0.10546698,0.015448235,0.031451903,0.021366077,0.023434177,0.064321116,0.015173836,0.05552952,0.019378386
0.04818903,0.040024314,0.030977713,0.102925815,0.01578983,0.030827422,0.021556647,0.023161916,0.06425374,0.0153802615,0.05507199,0.019566892
0.047945485,0.039892145,0.030740315,0.100514464,0.016066305,0.03046759,0.021716015,0.022888994,0.06459948,0.015598203,0.054654118,0.019769514
0.04781921,0.039824832,0.030465728,0.09837879,0.016343353,0.030297045,0.021889826,0.02268771,0.06505492,0.015851147,0.05431313,0.019995254
0.04777517,0.039910413,0.030215671,0.09642325,0.016659219,0.030212848,0.02208384,0.022571526,0.06540079,0.016133416,0.054024667,0.020232819
0.025991518,0.028772382,0.036041938,0.05838704,0.006162009,0.020853398,0.025598662,0.017393332,0.041627593,0.004133528,0.08931247,0.0071294033
0.030600758,0.023959529,0.03386519,0.054198723,0.0056810514,0.023946656,0.017527383,0.018914877,0.039233625,0.006462807,0.08574586,0.0073636468
0.034279477,0.028257042,0.03827874,0.06185603,0.006335091,0.026752448,0.021633513,0.020318378,0.039866343,0.0073423637,0.091877535,0.007350386
0.032829076,0.030196065,0.03766169,0.06939989,0.0060549215,0.027837073,0.022124927,0.019248392,0.042092465,0.0064476323,0.09138866,0.006371931
0.03193964,0.030775726,0.03963825,0.07234007,0.0064288154,0.029515076,0.019268366,0.019650929,0.043021064,0.0066414843,0.08245515,0.0057703815
0.031383365,0.03091933,0.040927116,0.076035,0.0066742464,0.030549482,0.019511584,0.019844227,0.042255633,0.0066962563,0.079490274,0.0055076075
0.030324908,0.031206386,0.040617827,0.07801385,0.006672549,0.030432472,0.018648075,0.020071967,0.04142244,0.0065856497,0.076106586,0.0052518887
0.029600386,0.030532729,0.042143397,0.07603825,0.0067467946,0.030424172,0.01785537,0.020326158,0.04029268,0.006923212,0.07193157,0.0052073817
0.029061835,0.030069023,0.04339354,0.07376315,0.0067980983,0.030361766,0.017960776,0.020199448,0.038631078,0.007215469,0.06985638,0.0052053933
0.028666044,0.030009912,0.043692723,0.07186593,0.0067797103,0.0300069,0.017889425,0.019989751,0.037255406,0.0073381322,0.06878875,0.0052130413
0.02845462,0.029819528,0.0440188,0.069790944,0.006771521,0.02984919,0.01773614,0.01991655,0.03629442,0.0074803117,0.067678235,0.0052788015
0.028356066,0.029680545,0.044197306,0.06785473,0.0067627393,0.029809592,0.017691271,0.01985306,0.035467837,0.0075987177,0.06698483,0.0053580333
0.028392741,0.029778652,0.044073746,0.066366665,0.006750924,0.02982569,0.017594866,0.019798439,0.034810685,0.007667903,0.06651897,0.005433227
0.028557463,0.029980646,0.043853786,0.06513694,0.0067506395,0.029928172,0.017492922,0.019737858,0.03430618,0.007727077,0.066019855,0.005519477
0.02881939,0.030257896,0.04360199,0.06405316,0.006764443,0.030060252,0.01744944,0.019634107,0.03383765,0.007781873,0.065560035,0.005616107
0.029169917,0.03062211,0.043296527,0.06318798,0.006787485,0.030203935,0.017417716,0.01951595,0.0334103,0.007820872,0.06511332,0.005716397
0.029594531,0.031005207,0.042986654,0.062523276,0.006818285,0.030359913,0.017398914,0.019399777,0.033008125,0.007856711,0.06462377,0.0058170664
0.030059604,0.0313678,0.042733595,0.062023845,0.006857868,0.030539181,0.017416093,0.019294467,0.03261549,0.007890689,0.06410882,0.0059148357
0.030555265,0.03171255,0.04253631,0.061705012,0.00690289,0.03071642,0.01745294,0.01921213,0.032231197,0.007922572,0.0635862,0.00600731
0.031072756,0.03202139,0.04240746,0.061533783,0.0069522937,0.030915942,0.017501011,0.01916256,0.031866673,0.007956585,0.0630524,0.006089554
0.031586234,0.03229345,0.042342406,0.061455954,0.0070022168,0.031112134,0.017566008,0.0191334,0.03151871,0.007989397,0.06252376,0.006163744
0.03208747,0.032537904,0.04232434,0.06144884,0.0070536556,0.03131019,0.017634597,0.019114925,0.031194802,0.008021015,0.062008698,0.0062294523
0.03256753,0.03275256,0.04235423,0.06149182,0.0071026026,0.031492762,0.017708208,0.019109836,0.030898735,0.008050129,0.061515313,0.0062875603
0.033003338,0.032939155,0.04240243,0.061539717,0.007147829,0.0316656,0.017777983,0.019105855,0.03062898,0.008080063,0.061070226,0.006335721
0.03344255,0.033108756,0.04248086,0.06162309,0.007195689,0.03185426,0.017856656,0.019112386,0.030366011,0.0081081055,0.060623355,0.006381209
0.033768877,0.03325144,0.042557113,0.061637186,0.007232897,0.031977255,0.017921902,0.019098995,0.030162485,0.008134764,0.06028243,0.006414346
0.034054782,0.033375546,0.04264348,0.061606593,0.0072637643,0.03209376,0.017979667,0.019080766,0.02997866,0.008161126,0.059993584,0.006442292
0.034294903,0.033477254,0.04273348,0.061549645,0.0072897947,0.032190282,0.018030645,0.019060392,0.029819032,0.008184677,0.059732713,0.0064640255
0.034503,0.033566255,0.042819697,0.061492138,0.0073149283,0.032278046,0.018084038,0.019038534,0.029681377,0.008207783,0.059510514,0.006482466
0.03467232,0.033642415,0.042905644,0.061400853,0.007332876,0.032352585,0.01813043,0.01901008,0.02955496,0.008229374,0.059324663,0.0064970385
0.03482166,0.033702273,0.04297764,0.06130514,0.007348306,0.032416336,0.018168394,0.018983608,0.029447047,0.008249644,0.05915562,0.0065069078
0.034942355,0.033748206,0.04305415,0.06119158,0.007360859,0.03247358,0.018204072,0.018955514,0.029351244,0.008269854,0.059008263,0.006515187
0.035043597,0.03378811,0.043118384,0.061069954,0.007371284,0.032530837,0.01823833,0.018923452,0.029265406,0.0082893055,0.058895007,0.0065216376
0.03512724,0.033813916,0.043180764,0.06094032,0.0073784916,0.03257863,0.018271824,0.018893808,0.029186087,0.008308318,0.0587926,0.0065256455
0.03519942,0.03383575,0.04323325,0.060813136,0.007385127,0.032621376,0.018299174,0.018863026,0.02911726,0.00832632,0.058706857,0.006528181
0.03525833,0.033848166,0.04328819,0.060673855,0.0073896134,0.0326647,0.018323692,0.01883166,0.029055785,0.008343495,0.058623426,0.00652931
0.03530624,0.033866458,0.043341346,0.06053305,0.0073930556,0.03269887,0.018351521,0.018799674,0.02900044,0.008361015,0.05855713,0.006530355
0.035347957,0.03385838,0.043387476,0.06037818,0.0073944903,0.032733206,0.018374668,0.018767906,0.028948527,0.008377272,0.058505666,0.0065288646
0.035377737,0.033865448,0.043422606,0.060228292,0.0073947883,0.032763768,0.0183958,0.018736819,0.02889531,0.008392512,0.058463123,0.0065280357
0.035400007,0.03385733,0.043459095,0.060079124,0.0073946128,0.032791745,0.018422402,0.018702816,0.028845476,0.00840788,0.05842633,0.006526462
0.035417154,0.033854693,0.043484274,0.059927355,0.0073945746,0.032825224,0.018445786,0.018673724,0.028797682,0.008422088,0.058385804,0.0065233526
0.0354306,0.03385161,0.043506514,0.05978209,0.0073965066,0.03286803,0.01847214,0.018638989,0.028749455,0.008437129,0.058349416,0.006520015
0.03543265,0.033838462,0.043516867,0.059604514,0.007395632,0.032908835,0.01849819,0.018605085,0.028698424,0.008451782,0.058322947,0.0065156994
0.035428334,0.033823203,0.04352047,0.059428826,0.0073965383,0.032955848,0.018525718,0.018568696,0.028643481,0.008467065,0.058297,0.0065107006
0.035410292,0.03381503,0.043522168,0.059232265,0.0073975613,0.03300609,0.018559223,0.018525844,0.028578084,0.008482002,0.0582828,0.0065059857
0.03537281,0.033809803,0.043493424,0.058995586,0.0074002785,0.03306576,0.01860273,0.018473566,0.028500577,0.008498472,0.058262598,0.006499234
0.03531654,0.03379083,0.043457344,0.058726598,0.0074072233,0.03315009,0.018654037,0.01841814,0.028416278,0.0085176835,0.058247678,0.00649255
0.035240736,0.03376292,0.043387476,0.058408152,0.007413523,0.033251204,0.018716633,0.018350689,0.028309416,0.008539085,0.058251064,0.0064834305
0.035132583,0.033746134,0.043291435,0.058027394,0.007423737,0.033368833,0.01879432,0.018268619,0.028178962,0.008563292,0.058244992,0.006473646
0.03499537,0.033722855,0.04316478,0.057579696,0.0074381847,0.033516448,0.018886896,0.018173244,0.02802597,0.008590442,0.058245648,0.0064617814
0.034822047,0.033705775,0.042999227,0.057061452,0.0074541,0.033695783,0.019000208,0.018055897,0.027839124,0.008619035,0.05825356,0.0064477697
0.0346129,0.033682212,0.042800255,0.05646679,0.0074739214,0.03390183,0.019136138,0.01792363,0.027631579,0.008651728,0.058255557,0.00643252
0.03436767,0.033659182,0.042557094,0.05578198,0.0074984035,0.0341599,0.019294512,0.017773988,0.027385237,0.0086921835,0.058269754,0.0064139627
0.03400233,0.03363607,0.042206205,0.054794714,0.007533289,0.034540232,0.019527094,0.017559469,0.02702604,0.008745376,0.05828724,0.0063856705
0.033681393,0.033621877,0.041892536,0.053982336,0.007559208,0.034870688,0.01973839,0.01737643,0.026733743,0.008780914,0.058290206,0.0063627893
0.0333839,0.0335993,0.04160113,0.05323796,0.007577492,0.03517391,0.019945843,0.017202625,0.026479531,0.008806534,0.058291774,0.006341172
0.033103626,0.033588313,0.041311845,0.05254912,0.0075914394,0.035478625,0.020143341,0.017041435,0.026242226,0.008826965,0.058278557,0.0063193724
0.03283993,0.033584066,0.04103212,0.051906683,0.007602516,0.035783984,0.02034113,0.016889803,0.02602213,0.008844486,0.058266874,0.0062982617
0.03259973,0.033581797,0.040781546,0.051320773,0.0076099997,0.036074147,0.020539487,0.016747985,0.025827155,0.008856429,0.058266193,0.006279328
0.032380357,0.033575956,0.040537283,0.050781596,0.00761421,0.03635861,0.02073192,0.016620105,0.025649212,0.008865328,0.058264393,0.006259925
0.032177243,0.03357862,0.0403148,0.05029114,0.007616095,0.036642104,0.020928064,0.016496697,0.025481833,0.008870428,0.058249325,0.0062416825
0.032014616,0.033574935,0.04013516,0.04988567,0.007613197,0.03688548,0.021091938,0.016392373,0.025352288,0.008872205,0.058228098,0.006224967
0.031899203,0.033582333,0.039996576,0.049581785,0.007610679,0.037083317,0.021237541,0.016317053,0.025257986,0.008873145,0.05821108,0.0062111267
0.031795785,0.03360182,0.039880045,0.04930013,0.0076065576,0.03726409,0.02138244,0.01624701,0.025170177,0.008869506,0.058192693,0.006197999
0.031693447,0.033623617,0.039750997,0.049019773,0.0076003717,0.037473176,0.02153179,0.016176783,0.02508746,0.008854746,0.05817325,0.006185177
0.031662524,0.033650048,0.03971212,0.0488634,0.007596402,0.03757126,0.021624576,0.016145457,0.025062056,0.008855897,0.058168456,0.0061806673
0.03338407,0.030756935,0.040588066,0.0527604,0.0102196215,0.040491864,0.025213754,0.023086183,0.021597486,0.011772975,0.05570508,0.013181275
0.033683795,0.027332395,0.04169899,0.053502645,0.010203549,0.0410728,0.028335165,0.024133561,0.024149047,0.012007537,0.06731709,0.011094769
0.03551773,0.029052552,0.041710947,0.055423066,0.009883658,0.040889516,0.026905343,0.023289733,0.025199238,0.012228736,0.07198927,0.0116396565
0.03507399,0.029910374,0.039665576,0.057005975,0.010203837,0.043088708,0.028312571,0.02348453,0.02705256,0.012808391,0.06658817,0.013340012
0.033512406,0.029319838,0.038070977,0.0589609,0.010139947,0.043497764,0.027418701,0.02436827,0.030509453,0.011893697,0.07160577,0.013308943
0.033420656,0.030048171,0.038014866,0.06280863,0.010722717,0.046296746,0.02751934,0.0263078,0.034783788,0.012091173,0.07486101,0.014501568
0.034850385,0.031204142,0.038589183,0.06545929,0.011659756,0.04901212,0.02845834,0.028008852,0.03705604,0.013196437,0.07354693,0.015667105
0.036185775,0.031882398,0.039158013,0.06560049,0.01238484,0.049495246,0.028623719,0.029228918,0.037290417,0.0143244425,0.07164692,0.016045092
0.037219193,0.032472454,0.03954683,0.06434876,0.01288531,0.048207566,0.028489523,0.02979987,0.03673627,0.015215413,0.06962098,0.016307594
0.038140375,0.033005483,0.03979641,0.06311402,0.013273194,0.046543557,0.028363058,0.029929422,0.035976633,0.015888587,0.06727776,0.016619366
0.0388643,0.033239592,0.03995816,0.062079478,0.013498721,0.04525682,0.027997455,0.029675432,0.03570335,0.016172163,0.06521874,0.016724352
0.039040435,0.033168003,0.04003669,0.061000478,0.013632583,0.044636063,0.027552767,0.029367004,0.0360939,0.016056968,0.06421445,0.016705893
0.039029766,0.033137698,0.04025779,0.060091037,0.013858617,0.04475055,0.027288841,0.029384924,0.036843404,0.015921319,0.06405191,0.016813317
0.039252277,0.033366654,0.040719047,0.05963866,0.014248267,0.045364134,0.027167203,0.029756377,0.037624266,0.015975006,0.06401134,0.017017696
0.039652538,0.03377784,0.04127807,0.059306134,0.014729389,0.04605395,0.027085261,0.030275369,0.03819021,0.016195843,0.06353167,0.017219385
0.04009071,0.034215156,0.04174602,0.058745887,0.015212471,0.046440322,0.02701603,0.030790662,0.03839674,0.016530223,0.062469646,0.017400498
0.040509935,0.034599625,0.04203833,0.057998314,0.015644714,0.046378322,0.026944479,0.03119043,0.03829938,0.016903397,0.061048307,0.017566413
0.04085428,0.034916278,0.04216162,0.057236813,0.016002283,0.04597226,0.026859129,0.03140164,0.038120348,0.017232057,0.05961266,0.017720297
0.0410817,0.03514193,0.042153783,0.056572154,0.016292159,0.045486197,0.02674897,0.031444147,0.038082357,0.017463328,0.058354527,0.01786744
0.04118813,0.035283912,0.042057782,0.05604447,0.01654714,0.045119222,0.026629169,0.03140761,0.038273003,0.017607903,0.057291955,0.018021086
0.04122338,0.0353977,0.041930165,0.055702876,0.016812574,0.044959974,0.026524661,0.031397782,0.038664836,0.017722482,0.056386203,0.018194616
0.041261237,0.035548426,0.041825254,0.055566724,0.01712863,0.04500559,0.02646282,0.031453893,0.039169785,0.017866444,0.055526476,0.01839542
0.04133761,0.03577932,0.04175474,0.055595387,0.01751324,0.04515858,0.026450261,0.03156771,0.039680373,0.018074205,0.054586984,0.018622499
0.04145311,0.036078025,0.04169271,0.055695478,0.017954318,0.045304283,0.026476033,0.031692114,0.04010296,0.018349906,0.053489573,0.018862193
0.041573934,0.036422744,0.041616566,0.055798665,0.018434484,0.045339473,0.026524903,0.031777434,0.040417258,0.018676117,0.052250434,0.019111747
0.041684754,0.036782026,0.041513216,0.055886872,0.018943276,0.04524102,0.026585456,0.03178862,0.04064982,0.019036656,0.0509016,0.019373424
0.041766226,0.037136503,0.041372083,0.05597797,0.019477338,0.04501857,0.026653802,0.031709816,0.040844116,0.019424813,0.04951403,0.019651026
0.04182837,0.037486244,0.04120519,0.056115855,0.020045353,0.04472459,0.02673329,0.031551648,0.041063957,0.019838283,0.048128348,0.019956436
0.041874863,0.037827276,0.04101811,0.056322202,0.020656375,0.04439637,0.026835974,0.031335708,0.04132191,0.0202816,0.0467631,0.020298596
0.041933984,0.03817442,0.040822666,0.05659235,0.021322286,0.0440444,0.02696522,0.031087141,0.041598,0.020763488,0.045425665,0.020684881
0.042024218,0.038532905,0.040619962,0.056908045,0.0220524,0.04367615,0.027129402,0.030817615,0.041847616,0.021290947,0.044124678,0.021123536
0.04213854,0.038898334,0.040403284,0.05720742,0.02284815,0.043257445,0.027331008,0.030526629,0.042037647,0.021844821,0.042878363,0.021617925
0.042273063,0.039252322,0.04016563,0.057451036,0.023724874,0.042812347,0.027572192,0.030211568,0.042110063,0.022433972,0.04168859,0.022173287
0.042427048,0.03957437,0.03990028,0.05759461,0.024672197,0.04235011,0.027842253,0.029881544,0.04206305,0.023041042,0.04058071,0.022789411
0.042597827,0.039856054,0.039587963,0.05761594,0.025627628,0.04184413,0.02812866,0.029534074,0.041939188,0.02362444,0.039578483,0.023450742
0.07485633,0.015185719,0.02000965,0.066093616,0.021773323,0.034958366,0.012080917,0.031660672,0.038112517,0.020610156,0.021022106,0.006553822
0.06663526,0.018522888,0.029135289,0.04803885,0.024803473,0.03414575,0.013839055,0.033107392,0.029947301,0.028514652,0.02466558,0.008531668
0.06928916,0.017553506,0.029224612,0.048125077,0.02512929,0.03203179,0.01304198,0.03468791,0.03169335,0.029881965,0.028883295,0.008462427
0.072324224,0.0181182,0.028654529,0.053442612,0.027799515,0.0320191,0.011474658,0.034322597,0.032083273,0.032645807,0.03217209,0.00812761
0.07426965,0.018755436,0.029297737,0.051550798,0.029463151,0.03369554,0.011495815,0.033880014,0.029981017,0.034544908,0.033352092,0.008300217
0.077656,0.018475732,0.029365899,0.049440406,0.03145024,0.03359813,0.011929334,0.034035478,0.027616253,0.036505267,0.03383944,0.008753154
0.08057002,0.017941913,0.029199852,0.0467711,0.032890636,0.033954162,0.011986501,0.034256823,0.025477957,0.036458857,0.03352109,0.009150865
0.080793895,0.017618794,0.02916085,0.04371026,0.03357974,0.034469984,0.012091144,0.034288466,0.023773482,0.036243767,0.033250753,0.009610945
0.0791558,0.017209316,0.028960573,0.041308656,0.033974554,0.034630362,0.012294259,0.03440234,0.022576254,0.03575131,0.032811426,0.009938919
0.0772996,0.016903039,0.028809924,0.0393163,0.034246437,0.034793343,0.01243343,0.03435854,0.021718888,0.03496165,0.032262333,0.010154966
0.07539869,0.016680613,0.028897075,0.03761977,0.034386877,0.035039026,0.0125830835,0.034190502,0.021135766,0.034137435,0.031800468,0.010323699
0.07383661,0.016408019,0.029075092,0.03626537,0.03443467,0.03527259,0.0127488915,0.03408602,0.020678205,0.033405602,0.031372104,0.01046165
0.07291294,0.016156057,0.029274011,0.035200316,0.034485858,0.035513345,0.012900285,0.033999942,0.020273788,0.03280261,0.030947082,0.010584422
0.07230445,0.015971063,0.029490821,0.034387164,0.034573935,0.03578916,0.0130526265,0.033883378,0.01993257,0.0323185,0.030542413,0.010692047
0.07188778,0.01582301,0.029707009,0.033770993,0.03469883,0.03607892,0.013217733,0.033775754,0.01962905,0.03195511,0.030134602,0.01078556
0.071669824,0.015705965,0.029944267,0.03326661,0.034848522,0.036366556,0.013376924,0.033693098,0.019339496,0.03165765,0.02973446,0.010872662
0.071551956,0.015619142,0.030222153,0.032849185,0.035012804,0.03665519,0.013541898,0.033628844,0.019063955,0.031411402,0.029357696,0.010958336
0.071481094,0.015548667,0.030525725,0.03248478,0.035173435,0.036935654,0.013705041,0.033589527,0.018802505,0.031185022,0.028998856,0.011040007
0.071452804,0.015487499,0.030837702,0.032161735,0.035333417,0.037199683,0.013861328,0.033558894,0.0185488,0.030957915,0.02865556,0.011117755
0.071470715,0.015442542,0.031157978,0.03188339,0.035527874,0.03746357,0.014008083,0.033522803,0.018317197,0.030737717,0.028342491,0.011192972
0.07150517,0.015405663,0.031450924,0.03167234,0.03575508,0.037696593,0.014131752,0.033438407,0.01811712,0.030493122,0.028063718,0.01125838
0.07159118,0.0154007105,0.031697877,0.031567015,0.036088057,0.037893623,0.014217652,0.033291653,0.017961692,0.030211436,0.027853103,0.011313113
0.07170531,0.015449455,0.031878047,0.03162517,0.036568016,0.038055416,0.0142639475,0.033041768,0.01787581,0.029887857,0.027727226,0.0113508785
0.07189792,0.0155606065,0.03199079,0.03186385,0.037135653,0.038176976,0.0142749,0.032687176,0.01788486,0.029553672,0.027697563,0.011371434
0.07198566,0.015658997,0.032102063,0.0321151,0.037669875,0.03827178,0.014236451,0.032429393,0.01794383,0.02931386,0.02773409,0.011393155
0.07208255,0.015720036,0.032218333,0.032314103,0.037969355,0.038403228,0.014185369,0.03227985,0.018043064,0.029207334,0.027760666,0.011423362
0.07232536,0.015753657,0.032289848,0.03250946,0.038008697,0.038585108,0.014165653,0.032210648,0.018152758,0.02915345,0.027734911,0.0114477
0.0725352,0.015719283,0.032425895,0.032578163,0.03800562,0.03875055,0.01411814,0.03227593,0.01821186,0.029162547,0.027700877,0.01148795
0.072716564,0.015660916,0.032554638,0.032615762,0.037940253,0.03889957,0.014077624,0.03236421,0.018243833,0.029166246,0.027637115,0.011525736
0.07287528,0.01558099,0.032662727,0.032645334,0.037835058,0.039009877,0.014048593,0.0324561,0.018251145,0.029161427,0.027542878,0.011558486
0.07298216,0.015496888,0.03275394,0.032660294,0.037725158,0.039077163,0.014023472,0.032557115,0.01824533,0.029135937,0.027441014,0.011586452
0.07304819,0.015408181,0.03284226,0.032659076,0.03760672,0.039129026,0.013999407,0.032655023,0.018230157,0.029102126,0.027333355,0.011611194
0.07308062,0.015311078,0.032913633,0.03265298,0.03747344,0.039154686,0.013975278,0.03275252,0.01820932,0.029060643,0.027218273,0.011631678
0.07308639,0.015216034,0.032976367,0.032645408,0.037345294,0.03917106,0.013954674,0.032844473,0.018186003,0.029003046,0.027102312,0.011644842
0.0730616,0.015121252,0.03303164,0.032632153,0.037212726,0.039185815,0.013933543,0.032935295,0.018163439,0.028939947,0.026986472,0.011655598
0.07302033,0.015028894,0.033080876,0.032616355,0.037087504,0.039182458,0.013913223,0.033025507,0.018137094,0.028876597,0.026875172,0.011663181
0.07297444,0.0149377305,0.033125624,0.03260272,0.03696067,0.039179802,0.013894308,0.033119556,0.01811328,0.028807018,0.026767133,0.011667705
0.07290949,0.014849329,0.03316138,0.032582995,0.036835108,0.039173245,0.013875185,0.033209465,0.018084863,0.02873378,0.026657114,0.011668304
0.07282744,0.014761401,0.033192635,0.03256242,0.03671365,0.03915842,0.013854035,0.033300094,0.018057292,0.028659184,0.026554242,0.011668249
0.07274874,0.014678399,0.03321321,0.03254541,0.036592934,0.039143145,0.013838773,0.03339007,0.018028518,0.028583677,0.026449881,0.011664802
0.072651446,0.014597545,0.03324094,0.032528296,0.036476668,0.0391306,0.0138207665,0.03348265,0.018002138,0.028506044,0.026355874,0.011660476
0.072553225,0.0145170605,0.03325452,0.032510564,0.03636642,0.03911143,0.0138065005,0.03357931,0.017971672,0.028426865,0.026261218,0.011654763
0.07244084,0.014438405,0.03326962,0.03248779,0.03625661,0.039092295,0.01379015,0.033678412,0.017941333,0.028344972,0.02616723,0.011646769
0.072327524,0.014364629,0.033278506,0.03246848,0.036154255,0.039067995,0.013775099,0.033776112,0.017909333,0.02826837,0.026082031,0.0116391145
0.07221386,0.01428877,0.033287525,0.032445572,0.03604891,0.039042745,0.013758372,0.03388344,0.017875332,0.028186094,0.025995169,0.011629244
0.0720907,0.014214451,0.033290833,0.032420706,0.035950717,0.039019514,0.013742011,0.03399009,0.017841408,0.028102072,0.02591225,0.011618431
0.07194203,0.014142971,0.033288334,0.032394838,0.035850577,0.038981643,0.013723521,0.034102883,0.017804882,0.028022517,0.02582989,0.011605191
0.07180418,0.014075739,0.033283073,0.032370087,0.03576331,0.038954012,0.0137065565,0.03421855,0.017769177,0.027942227,0.025751991,0.011594274
0.071650535,0.014006754,0.03327453,0.032339275,0.035675656,0.038923807,0.013691467,0.03433665,0.017729836,0.02785687,0.025671255,0.011579541
0.0714989,0.013937035,0.033265222,0.03230843,0.035589658,0.038886294,0.013667914,0.034467638,0.017691022,0.02777448,0.025598073,0.011564666
0.07135035,0.013871088,0.03325183,0.032277025,0.035503376,0.03885026,0.01365051,0.034597386,0.017648572,0.027691396,0.025524197,0.011549948
0.07118291,0.013807963,0.0332413,0.032241255,0.035425715,0.03881171,0.0136258025,0.034737445,0.017608067,0.027604874,0.025456276,0.011534036
0.07102387,0.013744763,0.033222716,0.032207053,0.035344284,0.038767822,0.01360472,0.03488758,0.017565984,0.02752466,0.025388725,0.011517439
0.07084649,0.013679237,0.03320442,0.032172848,0.035274602,0.03872616,0.013584848,0.035043772,0.017521095,0.027440978,0.025323572,0.01150078
0.07067954,0.013620151,0.033184327,0.032135133,0.035198428,0.038681652,0.01355887,0.03519993,0.017475817,0.027358362,0.025261668,0.011483424
0.07049686,0.013557385,0.03316132,0.032093424,0.03512617,0.038637828,0.013532237,0.0353698,0.01742806,0.02727249,0.025199285,0.011464808
0.07031471,0.013497064,0.033136956,0.03205891,0.035055764,0.03859145,0.013507779,0.035548728,0.017381502,0.027193934,0.025143001,0.0114465235
0.07012813,0.01343559,0.03310993,0.032016773,0.034988422,0.03854172,0.013479995,0.035731703,0.017329084,0.027107878,0.025079042,0.011425457
0.06992799,0.013377182,0.033084955,0.031976197,0.03491882,0.03849107,0.013448193,0.03593061,0.017282212,0.027023127,0.025029955,0.011405342
0.06973534,0.013319211,0.033059176,0.031932514,0.034852795,0.038434356,0.013415114,0.03612661,0.017230807,0.02694042,0.024978908,0.011383529
0.06953222,0.013260628,0.03303288,0.0318881,0.034791466,0.038381513,0.013380763,0.036341522,0.017179422,0.026861472,0.0249315,0.011362497
0.06933276,0.013202058,0.033005588,0.031840425,0.034730088,0.03832576,0.013345135,0.036564082,0.017124344,0.026780078,0.024883443,0.0113421595
0.06912957,0.013145133,0.032979637,0.031799804,0.034671992,0.038276315,0.013311405,0.0367911,0.017073102,0.026697548,0.024841592,0.011318422
0.06892584,0.013090021,0.03295127,0.031751115,0.03461013,0.038212646,0.013271058,0.037024755,0.017018255,0.026614308,0.024799492,0.011296384
0.068721354,0.013032961,0.032924294,0.03170326,0.034549613,0.038149703,0.013230551,0.03727017,0.016963335,0.026531816,0.024760175,0.01127307
0.0685075,0.012978215,0.03289436,0.031658344,0.034488354,0.03808986,0.013187534,0.037516054,0.016911369,0.026451197,0.024723714,0.011248697
0.06831753,0.012922359,0.032867484,0.03160595,0.03442935,0.038028777,0.0131400805,0.037771247,0.01685417,0.026369086,0.024686746,0.011224671
0.068102814,0.012870404,0.032844868,0.03156601,0.03437426,0.037967935,0.013099733,0.03803353,0.016801056,0.026288973,0.024655446,0.0112002725
0.06788686,0.01282145,0.03282025,0.031522706,0.03431615,0.037904143,0.013054962,0.038297273,0.016749885,0.026213422,0.02462767,0.011175613
0.067674756,0.012771435,0.03279555,0.03147748,0.034254048,0.037839755,0.013005339,0.038562197,0.016697751,0.026130911,0.024599068,0.011148996
0.06746713,0.012721156,0.032771643,0.031432785,0.034195017,0.03777298,0.012957396,0.038838428,0.016645735,0.026053581,0.024576642,0.011123734
0.06726722,0.012673694,0.03274484,0.03138609,0.03413567,0.037708044,0.012912205,0.039111897,0.016594727,0.025978934,0.024552878,0.011099433
0.06706204,0.012626632,0.03272901,0.03134381,0.0340815,0.037644893,0.012865438,0.039383467,0.016545223,0.025898516,0.024530841,0.011072666
0.06687254,0.0125816725,0.032707594,0.03130301,0.034018688,0.03758058,0.012817497,0.03965984,0.016495645,0.02582035,0.024510898,0.0110482
0.06665496,0.012536595,0.03267975,0.031256463,0.033953354,0.0375042,0.0127665,0.039932873,0.016447453,0.02573906,0.024490941,0.011017975
0.06646295,0.012495799,0.03266084,0.031214887,0.033893775,0.037445605,0.012719779,0.040203914,0.016402332,0.025665449,0.024475442,0.0109929135
0.06626759,0.012455153,0.032640357,0.031172179,0.03382987,0.037386157,0.012669148,0.040473066,0.016355833,0.025586734,0.02445998,0.010965207
0.066083096,0.012414949,0.03261962,0.031133847,0.03376631,0.037324883,0.012619487,0.040736888,0.016312247,0.02550523,0.024442974,0.010937823
0.06591277,0.0123769585,0.03260796,0.031093672,0.03370363,0.03727208,0.012573672,0.040966466,0.016273582,0.0254331,0.024427708,0.010913116
0.065741,0.012341259,0.03258854,0.031054676,0.033634238,0.03721322,0.012525113,0.041170243,0.01623872,0.02536736,0.02441099,0.010887642
0.06559173,0.012304431,0.032580037,0.031011302,0.033562798,0.037151612,0.012480904,0.04134829,0.016206004,0.025301596,0.024399072,0.01086486
0.06545386,0.012268618,0.032568425,0.030966105,0.03349117,0.0370982,0.012437359,0.041495334,0.016178591,0.025233975,0.02437685,0.01084234
0.06533513,0.012234008,0.03256175,0.030930424,0.033411723,0.03703845,0.0123934345,0.04162431,0.016154313,0.025176596,0.024358725,0.0108235115
0.065230355,0.01220263,0.032556713,0.030883936,0.033333108,0.036980484,0.012350023,0.04172497,0.016132213,0.025112566,0.024340024,0.010804043
0.065124065,0.012173982,0.032551453,0.030848527,0.033248994,0.036926404,0.012307415,0.041809767,0.01611273,0.0250565,0.02432202,0.010785183
0.06502799,0.012147205,0.032540448,0.030811826,0.03315654,0.03686811,0.0122689,0.04183544,0.016098771,0.024989938,0.024294341,0.010766828
0.06494977,0.012133874,0.03252972,0.030799612,0.03304932,0.036806606,0.012237742,0.04177115,0.01610375,0.02493498,0.024270026,0.010749265
0.06482994,0.012127485,0.03251638,0.030854667,0.032931738,0.036717493,0.0122492695,0.041884467,0.016122302,0.024876863,0.024274038,0.010731158
0.06480263,0.012097286,0.032515448,0.03081827,0.032850742,0.03665364,0.012231172,0.041890007,0.016120646,0.024837224,0.024257248,0.010727402
0.06475001,0.012064386,0.032530233,0.030765953,0.032762554,0.03659397,0.012179415,0.041898947,0.016108276,0.024786713,0.024235284,0.0107155265
0.06465825,0.01203298,0.032540195,0.030724052,0.032701433,0.03654586,0.012141759,0.041959856,0.016089024,0.024744274,0.024217788,0.010701217
0.06456463,0.011996917,0.032552104,0.030683164,0.032638993,0.03648709,0.012098146,0.042059362,0.016066749,0.024699373,0.024202086,0.010686924
0.06427272,0.011918946,0.032581635,0.03058733,0.032527268,0.036391564,0.011978557,0.04232787,0.016012844,0.024579562,0.024178747,0.010639152
0.064114265,0.011886884,0.032586213,0.030557496,0.032490168,0.03637073,0.011928598,0.04253629,0.015979616,0.024527064,0.024165086,0.010610496
0.06401111,0.01186069,0.032568846,0.030544672,0.032477796,0.03636466,0.0118963765,0.042705245,0.015949324,0.024495626,0.024149159,0.0105885975
0.06393639,0.011838804,0.032561995,0.030528687,0.032469623,0.036360003,0.0118673425,0.04285314,0.01592729,0.024465658,0.024138618,0.0105695315
0.063849464,0.011814796,0.032553975,0.030514738,0.03247178,0.036368385,0.0118458,0.042981025,0.015904048,0.024446404,0.024121778,0.010552838
0.063788794,0.011793743,0.032547146,0.03050667,0.032472067,0.036373522,0.01182251,0.043105304,0.015883805,0.024426682,0.02410765,0.010537067
0.06372235,0.011774935,0.03254249,0.03049564,0.032479983,0.036381897,0.011803483,0.04322458,0.015864728,0.024410835,0.0240938,0.010522327
0.063657455,0.011753919,0.032534957,0.030482732,0.03247978,0.03638876,0.0117839435,0.043336067,0.015845332,0.024395406,0.024077833,0.01050901
0.06360842,0.011733896,0.032529905,0.030472117,0.03249048,0.03639764,0.011766388,0.043439537,0.015825238,0.024382675,0.024061412,0.010499425
0.063555926,0.011716032,0.032520592,0.03045932,0.032497063,0.03640623,0.011752733,0.043541335,0.015807632,0.024368783,0.024047613,0.010487695
0.063511856,0.01169555,0.032516513,0.030445114,0.032502107,0.03641581,0.01173415,0.043638516,0.015788518,0.024354799,0.024032356,0.010476978
0.063473396,0.011678647,0.032516655,0.030433973,0.032512642,0.036427513,0.011718947,0.043723576,0.01577307,0.02434641,0.024018817,0.010467076
0.06341956,0.011662609,0.03251083,0.030427022,0.032516357,0.036434595,0.011705829,0.04381814,0.015759297,0.024336621,0.024007,0.010456448
0.06337131,0.011643871,0.0325039,0.030413786,0.032522153,0.03644243,0.011692458,0.043904237,0.015742753,0.024324788,0.023992069,0.010446206
0.06335217,0.011626867,0.032501,0.030403737,0.032531038,0.036455758,0.011680816,0.04399007,0.015728153,0.024316559,0.023980042,0.01043978
0.063315265,0.011609596,0.032493174,0.03039461,0.032540713,0.03646477,0.011671829,0.044065375,0.015715152,0.024307596,0.023964064,0.01043134
0.06735945,0.018112341,0.042877894,0.033649452,0.033172727,0.043464676,0.016894761,0.047151066,0.019477515,0.028084055,0.027724944,0.017487457
0.059689652,0.015406864,0.040784165,0.039270163,0.03586601,0.04674066,0.017251013,0.04359428,0.019646732,0.025742052,0.028035233,0.017524617
0.059153486,0.01740932,0.03970844,0.040459078,0.039804872,0.048775084,0.020476291,0.048006874,0.021926878,0.026888015,0.029461535,0.017744575
0.05312767,0.018478706,0.041326307,0.0390411,0.038734328,0.04988494,0.021004826,0.047041617,0.025442265,0.028498515,0.030967189,0.018197248
0.056724858,0.018869082,0.03928251,0.040250152,0.038398862,0.049173854,0.020042118,0.046556205,0.028286703,0.030791001,0.032198165,0.018766338
0.05812216,0.0196704,0.0361807,0.04231372,0.0382318,0.04827336,0.019512245,0.04935205,0.030505782,0.03239039,0.03405393,0.018953396
0.05979708,0.02186696,0.03592477,0.04336558,0.03873441,0.0477065,0.019030107,0.049750507,0.03338567,0.034309134,0.036699366,0.020701569
0.06185433,0.024662143,0.036109027,0.04509427,0.040463883,0.04708973,0.018836202,0.047793586,0.0351865,0.03474764,0.03879268,0.023032157
0.05997626,0.027283024,0.036687773,0.04551152,0.04152402,0.045232855,0.019272126,0.04437494,0.03516953,0.033993356,0.040322274,0.024635158
0.05584541,0.029395323,0.037274037,0.04472792,0.04145367,0.04254,0.02011594,0.040818807,0.03479608,0.032826655,0.041229706,0.025716495
0.05232769,0.030826624,0.037018176,0.043992974,0.040197857,0.03974227,0.020793637,0.038295615,0.034653857,0.03156294,0.041895494,0.0261326
0.025112579,0.024283683,0.032616,0.037002847,0.012066187,0.022648057,0.018205538,0.03470066,0.02099346,0.0065326826,0.08308474,0.0057211504
0.033675294,0.023747556,0.034646418,0.0380481,0.010867376,0.026333282,0.013772322,0.034662914,0.024437165,0.010860141,0.084958665,0.006250692
0.03685876,0.026774317,0.039661206,0.04365938,0.010403773,0.02956751,0.017203437,0.03609441,0.028588949,0.011646769,0.088152066,0.005907436
0.032806586,0.02736248,0.03719478,0.05259192,0.009405021,0.0318601,0.016552005,0.039768312,0.032354124,0.009729905,0.085062765,0.0049787844
0.03147409,0.028441839,0.03788583,0.054488372,0.010002945,0.0346253,0.015042763,0.042243768,0.033276495,0.009989435,0.07570234,0.00466385
0.030965675,0.029264554,0.03871484,0.05652833,0.010066828,0.03524068,0.015472253,0.041204505,0.03256118,0.009819701,0.07244484,0.0045022205
0.029699022,0.029671984,0.037510976,0.057889514,0.009807479,0.034975387,0.014498939,0.03994608,0.032357194,0.009192235,0.07000243,0.0042884015
0.028752271,0.028739152,0.036886573,0.05759768,0.009694687,0.035070106,0.01387991,0.03931448,0.031811267,0.008974637,0.06752218,0.004197605
0.028149603,0.028099397,0.036359195,0.05779678,0.009565998,0.034476932,0.013896699,0.03846621,0.030734109,0.008933538,0.06647241,0.004132912
0.027753718,0.02801682,0.03559472,0.0584206,0.009378545,0.033767626,0.013713539,0.037646,0.030135686,0.008838089,0.065761745,0.004064596
0.027561577,0.027896482,0.03523589,0.058887947,0.009265242,0.033519875,0.013545445,0.037046902,0.029849349,0.008807378,0.064647675,0.0040274425
0.027420174,0.02788575,0.035058655,0.059222832,0.009191391,0.033369377,0.013530544,0.03643512,0.029523281,0.008806717,0.06389367,0.00400841
0.027331501,0.028099533,0.03498257,0.05932981,0.009146655,0.033252973,0.013555045,0.035823334,0.029211193,0.00882208,0.063545145,0.004019182
0.027287975,0.028371705,0.03525987,0.058859073,0.009138206,0.03323564,0.013675224,0.03500536,0.028866943,0.008912849,0.06342291,0.0040805847
0.02725681,0.028663918,0.035789877,0.057848446,0.009153395,0.0332746,0.013908382,0.033867475,0.028425792,0.009059159,0.06349577,0.0041821585
0.027234083,0.028990608,0.0363724,0.056653354,0.009192695,0.03337798,0.014182322,0.03249958,0.02793997,0.009216635,0.06356308,0.004301397
0.02722905,0.029316083,0.036912076,0.055493888,0.00925299,0.033580307,0.014477118,0.031000063,0.027466882,0.009364401,0.063454814,0.0044234716
0.027243445,0.029644953,0.03735973,0.05445506,0.0093278065,0.03385638,0.014782019,0.029461265,0.027024455,0.009495467,0.063172095,0.0045419424
0.039308846,0.024378808,0.025159929,0.056499552,0.008916252,0.03513105,0.017480567,0.018785512,0.035872903,0.006263723,0.049538314,0.01790754
0.03583401,0.03479573,0.025905149,0.051291127,0.008354052,0.043913554,0.019128904,0.02374135,0.03983645,0.006517384,0.060892574,0.014568793
0.045882907,0.038101315,0.023921901,0.057534132,0.008974942,0.049373455,0.022235114,0.02758351,0.045494445,0.0065558436,0.061900243,0.015338592
0.05691164,0.04390951,0.022791302,0.065722585,0.008798595,0.04973172,0.021576025,0.026964333,0.04042151,0.0068460596,0.05892727,0.017482616
0.058733888,0.04525123,0.023021493,0.0686376,0.008540037,0.04911823,0.021673681,0.027036417,0.044627015,0.0065895594,0.058957726,0.016901882
0.060026277,0.048083927,0.022169271,0.07232913,0.009397946,0.048251145,0.022617834,0.027128767,0.05118796,0.0065595154,0.052968785,0.018364897
0.061599534,0.04917874,0.021774745,0.073106475,0.010480627,0.04608891,0.022378396,0.025309771,0.053438462,0.0068094437,0.048264615,0.020068329
0.06010412,0.048170295,0.021470455,0.070715204,0.011155595,0.043558814,0.021536749,0.023567008,0.05583527,0.006808937,0.04683845,0.020142633
0.05869727,0.047300417,0.02062133,0.06833836,0.011620259,0.041238904,0.02070142,0.022422312,0.05853299,0.0067453953,0.044661652,0.020468133
0.05798809,0.046848405,0.019711336,0.0675738,0.012118622,0.039846,0.019940583,0.021463789,0.060557254,0.006629205,0.04256885,0.020849317
0.057280723,0.046904117,0.018900959,0.068569355,0.012529501,0.03967247,0.019163955,0.021008847,0.06315228,0.0063781748,0.041248694,0.020976653
0.056848343,0.047486484,0.018592827,0.07013914,0.012949769,0.03988858,0.01864575,0.021160299,0.06658356,0.0062741917,0.0404709,0.021354523
0.056464534,0.04830292,0.018595695,0.07180493,0.013445055,0.04046192,0.018331543,0.021503726,0.070679605,0.006268194,0.03968063,0.02187873
0.055897795,0.04950086,0.018682256,0.07384779,0.014136748,0.04120072,0.018144235,0.021827675,0.075464785,0.006273201,0.0386237,0.022258658
0.05525386,0.05087612,0.018820962,0.07559439,0.015023919,0.041942466,0.018166507,0.022116851,0.080260016,0.0063309944,0.03740485,0.022621986
0.054876644,0.05211296,0.019053485,0.07703544,0.016029254,0.04273836,0.018350014,0.02241967,0.08414967,0.006443449,0.03643111,0.023032678
0.05466556,0.053016245,0.019341292,0.07823397,0.017111244,0.04336734,0.01861414,0.022650534,0.08679371,0.0065810243,0.03581536,0.02334328
0.0543538,0.053484887,0.019634133,0.07897308,0.018249555,0.043677453,0.018862674,0.02270424,0.088137306,0.006726575,0.035439268,0.02353672
0.053790424,0.053480346,0.019894097,0.079093024,0.019402834,0.043648522,0.01903467,0.022524808,0.08851154,0.006871623,0.035177458,0.02361112
0.029905539,0.033469804,0.023541212,0.061078634,0.013501667,0.044170413,0.017116023,0.028577285,0.053541884,0.0049609034,0.059374735,0.0090996865
0.03551012,0.031843077,0.026156083,0.048786588,0.011908889,0.049411397,0.015805598,0.03389127,0.045703407,0.0068484563,0.051046655,0.009357512
0.039742418,0.033352908,0.030219266,0.051742483,0.010849452,0.05026376,0.017661018,0.03207051,0.04694152,0.0070313876,0.054464452,0.009397468
0.032049477,0.029741187,0.033735417,0.05372053,0.009291532,0.05312511,0.015158003,0.031842835,0.050070904,0.0067552133,0.05741456,0.0062874495
0.03152002,0.029138142,0.037971854,0.0537624,0.009557039,0.05673967,0.01401209,0.031776913,0.04905429,0.0074592982,0.05844192,0.0049925325
0.032817062,0.029912606,0.04094264,0.054787964,0.009810697,0.059051696,0.014586362,0.030567635,0.047971535,0.007875123,0.060913928,0.0045054746
0.032835025,0.029884212,0.042173833,0.054915804,0.009901808,0.05971351,0.014378031,0.02986019,0.04617871,0.008045972,0.06201153,0.0041352655
0.033270713,0.029268203,0.043626636,0.0534426,0.00999442,0.0586362,0.014412073,0.029449034,0.043302666,0.008475619,0.06247835,0.004043708
0.03366704,0.028602459,0.0443722,0.052252047,0.009909899,0.056061197,0.014551106,0.028807105,0.040630687,0.008764411,0.06314931,0.0040309904
0.033797797,0.027853485,0.04483317,0.05150617,0.009708146,0.053290345,0.014436307,0.028454488,0.03855536,0.009022786,0.062748775,0.004026199
0.03364194,0.027249377,0.046078704,0.050151188,0.0094893295,0.050396495,0.014381979,0.028193839,0.036356017,0.009520277,0.0611345,0.004078246
0.033290673,0.026843742,0.047385044,0.049068674,0.009360681,0.048451945,0.01437924,0.027738526,0.034209214,0.009919621,0.059730966,0.004110267
0.032978967,0.026609484,0.048192497,0.048802324,0.009373956,0.047769696,0.014399779,0.027275572,0.032489598,0.010119988,0.059056964,0.0041026636
0.03282302,0.026622137,0.04882896,0.048837487,0.009462083,0.047556847,0.014495818,0.026883654,0.0311254,0.01029291,0.058858715,0.0041152257
0.03279336,0.026786402,0.04942294,0.04884619,0.009557124,0.047524147,0.0146165425,0.026487775,0.030073412,0.010423054,0.058977045,0.0041479333
0.032846175,0.026981665,0.049912196,0.048843842,0.009635645,0.047605965,0.0147243235,0.026104316,0.029295318,0.010512179,0.05920543,0.0041840775
0.032952044,0.027171398,0.050324466,0.0488163,0.0097024,0.047730662,0.01484163,0.025723565,0.028684584,0.010590056,0.05944567,0.004218201
0.03307707,0.027364938,0.05066809,0.048777614,0.0097543225,0.04784689,0.014975159,0.025324477,0.028184742,0.010653627,0.059686016,0.004252024
0.03319093,0.027566383,0.050900217,0.048752252,0.009795502,0.04795117,0.015113037,0.024927007,0.027770106,0.010698128,0.059890278,0.0042827264
0.033296697,0.027759919,0.05108026,0.04872119,0.009825741,0.048084076,0.015256378,0.024531621,0.02742605,0.010733091,0.060034964,0.004311997
0.033392895,0.027965738,0.05119938,0.04870125,0.009850573,0.04823591,0.015409271,0.024143603,0.027134078,0.010762715,0.06014273,0.004342924
0.03347287,0.02817758,0.051253144,0.04868391,0.009869436,0.04840085,0.0155622065,0.023758817,0.026876567,0.010788099,0.06020609,0.0043734703
0.033544205,0.028410152,0.05125384,0.048671883,0.009885502,0.04857393,0.01571828,0.023378283,0.026650563,0.010809777,0.06022661,0.0044070682
0.033612322,0.028655592,0.051205426,0.04863852,0.009896756,0.04874743,0.015872704,0.022995126,0.026449641,0.01082655,0.06022475,0.0044425908
0.03367002,0.028919188,0.051108792,0.04858335,0.009905619,0.04889832,0.016019396,0.022607189,0.02625969,0.0108382655,0.060188673,0.0044804337
0.03373153,0.029194072,0.05097246,0.04852412,0.009912613,0.04906129,0.01615842,0.02222617,0.026083726,0.010851575,0.060117766,0.0045214035
0.03378979,0.029477812,0.050788786,0.048436765,0.009915949,0.049205,0.016287986,0.021840269,0.025921166,0.0108595835,0.060034417,0.0045628464
0.03384485,0.029785328,0.05057978,0.048327122,0.009919705,0.04933041,0.016408073,0.021452164,0.025764586,0.010864957,0.059932888,0.004606346
0.03390211,0.030092757,0.05033151,0.048193414,0.009923138,0.049455006,0.016514448,0.021071991,0.025616014,0.010866746,0.05980933,0.004649667
0.033950932,0.030407723,0.05005914,0.048056833,0.009923943,0.049569853,0.016610218,0.020695996,0.025475552,0.010867213,0.05967554,0.0046925
0.041861463,0.024256226,0.031134002,0.048901264,0.008373134,0.051868957,0.01779752,0.017408611,0.028592136,0.006267065,0.054107394,0.017906263
0.039536018,0.03133485,0.03108289,0.048749536,0.008084521,0.064702876,0.018931484,0.022490501,0.032583058,0.0063591884,0.061113592,0.014704366
0.04947375,0.033411518,0.02890217,0.053514294,0.008236702,0.07113844,0.02221739,0.026678748,0.03645898,0.006356254,0.06248077,0.0156271
0.05963923,0.038405288,0.02765876,0.057929836,0.007787361,0.071017325,0.021375604,0.02789047,0.03334194,0.0066531594,0.06061029,0.018122615
0.060901303,0.0392201,0.027860757,0.059731215,0.007634143,0.071968764,0.021452732,0.029685374,0.037800822,0.006386729,0.0631153,0.018037163
0.062838316,0.042803507,0.02686573,0.0627545,0.008536493,0.0725986,0.022558821,0.030583357,0.044376176,0.0064281276,0.058525912,0.019697469
0.064677194,0.044883806,0.026161201,0.064524494,0.009360544,0.068353504,0.022293722,0.028898148,0.04669883,0.0067034913,0.053519163,0.02115828
0.06330262,0.044482555,0.02559265,0.064549066,0.009847043,0.062445823,0.021721648,0.027041178,0.04855442,0.006722792,0.050902873,0.020934466
0.062250983,0.044251595,0.024539514,0.06432894,0.010239092,0.057528727,0.021330036,0.02560003,0.05076512,0.006736462,0.047886442,0.021018235
0.061874557,0.044429272,0.023550728,0.06434805,0.010663185,0.05388601,0.020917248,0.024200786,0.052626308,0.006750256,0.045535233,0.021218395
0.061387077,0.04487609,0.022709982,0.064283326,0.010941084,0.051344357,0.02039465,0.023344545,0.0549226,0.006656749,0.044391684,0.021222506
0.060996886,0.04576859,0.022068819,0.064211205,0.01118295,0.04973999,0.020016897,0.023009812,0.057791084,0.006579126,0.043573134,0.021501334
0.06059736,0.046967186,0.021579549,0.064493306,0.0114995865,0.049045976,0.019764071,0.02283778,0.0607105,0.00650791,0.04277115,0.021947302
0.059956335,0.04838987,0.020973412,0.06574115,0.011970755,0.049505066,0.019508574,0.02265898,0.06368439,0.0063368645,0.041818164,0.022262083
0.059195966,0.049934912,0.020479752,0.06762808,0.012643353,0.050368786,0.019262899,0.02252025,0.066410445,0.006186634,0.040869325,0.022515306
0.05845181,0.051194225,0.020333897,0.06889537,0.013392357,0.050631728,0.019045494,0.022483852,0.06891044,0.006160406,0.040140383,0.022723675
0.05772945,0.05220962,0.020288102,0.0696007,0.014157051,0.0506573,0.018900821,0.022451732,0.07163292,0.0061749,0.0394096,0.022882478
0.057191003,0.053221874,0.020304833,0.07021782,0.014936551,0.05060091,0.018902056,0.022496326,0.074557535,0.0062330635,0.038790528,0.02307647
0.056967497,0.054176204,0.02040376,0.07096829,0.015758019,0.050612718,0.01906219,0.022654124,0.07764613,0.0063387477,0.038304176,0.02334091
0.056939404,0.05479242,0.020549016,0.07185545,0.016625756,0.050636277,0.019304307,0.022876725,0.080525585,0.0064713764,0.03792588,0.023618909
0.056787528,0.054874897,0.020679139,0.07259047,0.017501915,0.050523903,0.019529143,0.023050105,0.08282617,0.0066097644,0.037603207,0.023836505
0.056414343,0.054563105,0.020783862,0.07314,0.018402211,0.050238337,0.019692447,0.023076022,0.084460355,0.0067405407,0.03727361,0.023951191
0.05577596,0.054129586,0.020880574,0.073581345,0.019356392,0.049878616,0.01978662,0.02291286,0.08562369,0.0068583973,0.03688305,0.023958584
0.054848317,0.053801697,0.021012295,0.07405616,0.02042086,0.04957224,0.01983209,0.022595156,0.08663863,0.006969116,0.03639464,0.023919638
0.053646527,0.053647045,0.021200558,0.074608594,0.02163541,0.049432382,0.01986343,0.022178482,0.087649636,0.007079452,0.035827454,0.023874136
0.052272845,0.053751335,0.021451754,0.07532465,0.023017718,0.049473908,0.019897835,0.02171529,0.08868861,0.00719166,0.03521176,0.023841286
0.050841153,0.054087218,0.021746492,0.0761432,0.024527326,0.049659207,0.019946745,0.021241195,0.089691065,0.007304534,0.034590777,0.023837678
0.049441412,0.054592174,0.022056269,0.07700802,0.02610464,0.04990827,0.020020207,0.02079035,0.09061048,0.007415271,0.03400717,0.023867108
0.04813523,0.055206515,0.022339601,0.077795446,0.027682152,0.05016431,0.020107606,0.020369476,0.091424204,0.0075181457,0.033459,0.023914851
0.04695702,0.055870865,0.022575103,0.078426644,0.029178273,0.0503614,0.02019453,0.019984074,0.09213611,0.0076075546,0.03296391,0.023961766
0.045937028,0.05653534,0.022750244,0.078872114,0.03054274,0.050487854,0.020277366,0.019629795,0.09274961,0.0076836036,0.032514893,0.024004048
0.019005595,0.032922935,0.021532098,0.046911754,0.037827134,0.033032127,0.0050528543,0.031780772,0.036800664,0.0030735182,0.0272429,0.02892521
0.025613159,0.03291599,0.0240685,0.051760938,0.035599615,0.03541377,0.004613882,0.033910606,0.03298743,0.0040252376,0.026805116,0.021620814
0.0229004,0.02833516,0.02934856,0.041238867,0.037557445,0.03390438,0.0060261893,0.040878035,0.02526289,0.005788215,0.027113436,0.017715244
0.028551469,0.028042253,0.026436139,0.04137337,0.033609208,0.037063118,0.005027326,0.04711053,0.022632727,0.0057968763,0.029742729,0.01903174
0.027008707,0.027546411,0.022778947,0.04427583,0.035485484,0.03713655,0.0051585147,0.04757778,0.021720812,0.0064805467,0.031380422,0.016386747
0.026079929,0.02521624,0.023576474,0.04418328,0.034053292,0.036538523,0.00565211,0.04649743,0.021375027,0.007994322,0.03329341,0.01707692
0.02752216,0.025043026,0.023292918,0.046907414,0.033322424,0.037603162,0.0060363025,0.049471945,0.020700766,0.009156384,0.035985373,0.017137647
0.027115561,0.02507847,0.023450037,0.050041623,0.032890607,0.037679717,0.006409085,0.052034225,0.020771347,0.010073378,0.03770717,0.017070197
0.027011298,0.024729002,0.024403322,0.05100967,0.03213398,0.036240727,0.006764591,0.053486638,0.020821234,0.011219427,0.038673215,0.017641291
0.027349833,0.024427567,0.024636801,0.05098883,0.031157704,0.034146048,0.0068555917,0.05465054,0.020389458,0.012302136,0.039739314,0.018002143
0.027953925,0.024400776,0.024671543,0.05093532,0.03019633,0.0319046,0.0067110746,0.055453446,0.02001614,0.0133066485,0.041080236,0.018364282
0.028870042,0.024403514,0.025183864,0.05079516,0.029719813,0.030341374,0.006572523,0.055558845,0.019858804,0.014283593,0.04232579,0.01916343
0.02999929,0.02461705,0.025917578,0.050097488,0.02948558,0.029087162,0.006438114,0.05503633,0.019626515,0.015249573,0.04344473,0.020156
0.031099888,0.025004638,0.026697893,0.049223863,0.029382292,0.027950006,0.006293241,0.054361533,0.019373639,0.01613478,0.044457886,0.021178812
0.03210609,0.025313793,0.027520908,0.04836033,0.02937886,0.026823152,0.0061902497,0.05373071,0.019057633,0.01698008,0.045153454,0.02232001
0.03302762,0.02561361,0.028370842,0.046946514,0.029283324,0.025488578,0.0061467756,0.053431496,0.018604439,0.018021794,0.04557936,0.02361075
0.033976417,0.026104344,0.029356359,0.04456264,0.028810086,0.023887023,0.0061801462,0.054218974,0.017954485,0.019501142,0.045839623,0.025108695
0.035172913,0.026690435,0.030450892,0.042317856,0.02828714,0.022519989,0.006258424,0.05521175,0.017219046,0.020738412,0.04580147,0.026948255
0.036837637,0.027465515,0.031586137,0.040713713,0.028076302,0.021480415,0.0063569713,0.055609763,0.016516903,0.021735622,0.046094507,0.02882698
0.038854096,0.028393462,0.032727335,0.039670672,0.028012374,0.020660402,0.0064622345,0.055730384,0.015899876,0.022738855,0.046994895,0.03038718
0.05564411,0.022900518,0.0444571,0.042419028,0.038420375,0.027843338,0.009856998,0.0780089,0.021666706,0.02924114,0.041085508,0.040519584
0.05616736,0.019673996,0.050548926,0.03670605,0.035510052,0.029270286,0.010241451,0.06286756,0.023323696,0.031455476,0.03440993,0.034241125
0.031838227,0.017078424,0.01663471,0.09026067,0.00694594,0.014234344,0.0057296352,0.08420087,0.019848498,0.007313924,0.043473173,0.012452737
0.03588728,0.017674599,0.024477165,0.07850241,0.0076423115,0.025410604,0.0072975317,0.08654348,0.024356686,0.008683769,0.04586806,0.010066172
0.038930397,0.018547472,0.02800491,0.0964875,0.0087847,0.03046165,0.010308928,0.10273829,0.026067445,0.009561662,0.05141841,0.009202803
0.036503233,0.018676212,0.02662206,0.10686257,0.008966294,0.03187064,0.011342164,0.10868655,0.029397339,0.009341582,0.05207665,0.008258317
0.036536593,0.01840686,0.026257092,0.10620631,0.008555572,0.032682538,0.012237488,0.10306224,0.033426117,0.009454881,0.053860605,0.008215985
0.035302766,0.01784171,0.024094118,0.108040005,0.008098926,0.032882843,0.012813757,0.09636021,0.035571918,0.009410411,0.0559491,0.0085333865
0.033979148,0.016971948,0.022019265,0.10614384,0.0075873313,0.03272827,0.013218113,0.09022483,0.035555948,0.0092832055,0.05693652,0.008822402
0.033310037,0.01624252,0.020924298,0.10037518,0.007069557,0.031635232,0.013913614,0.08229935,0.035146374,0.009163048,0.057872657,0.009337338
0.03287188,0.01574401,0.019879691,0.095486514,0.0065247365,0.029795185,0.01444701,0.075468875,0.03476538,0.008936932,0.05837976,0.00987007
0.032305155,0.015383727,0.018602513,0.09212083,0.0060341083,0.027869727,0.014487088,0.07184977,0.034663368,0.0086230645,0.058180932,0.010139228
0.03176168,0.015237549,0.01746484,0.089225285,0.0056707794,0.026598262,0.014459046,0.07082262,0.0352233,0.008392504,0.058023147,0.010278727
0.031392787,0.015307296,0.016542275,0.08745998,0.0054935375,0.02622049,0.014646661,0.07143618,0.03626401,0.008294704,0.05826442,0.01042633
0.031019237,0.015420671,0.015682733,0.087388925,0.0054311324,0.026310703,0.014838939,0.07251964,0.03714376,0.008224752,0.05867529,0.01048296
0.030680439,0.0155518735,0.01502152,0.08813419,0.0054117427,0.026523653,0.015046184,0.07311602,0.037676133,0.008164777,0.05918121,0.0104723275
0.030453652,0.015700188,0.014603945,0.08887204,0.005406197,0.026726494,0.015317455,0.07309631,0.037953544,0.008128425,0.05975408,0.010460263
0.030284245,0.015840603,0.014335845,0.089346334,0.0054040183,0.026826762,0.015619546,0.07262202,0.038080823,0.008099389,0.06029898,0.010473514
0.03014403,0.015962536,0.01415065,0.089538105,0.0053964527,0.026796445,0.015914999,0.07185639,0.038145166,0.008064352,0.060773537,0.010514758
0.02996975,0.0160479,0.013996044,0.089534044,0.005381764,0.026660271,0.016170425,0.0710839,0.038242843,0.008011641,0.061141673,0.01057184
0.029790943,0.016104242,0.01384154,0.08955014,0.005365555,0.02650156,0.016382659,0.07053044,0.038387936,0.007946748,0.061439894,0.010624345
0.029592078,0.016133841,0.013681244,0.089672305,0.005351506,0.026372047,0.01655688,0.070269495,0.038599588,0.007875104,0.061688438,0.010667366
0.02939489,0.016150463,0.0135220885,0.08996158,0.0053429115,0.026309965,0.016713534,0.07026381,0.038840365,0.007806092,0.061920214,0.010700014
0.029210139,0.016160756,0.013371928,0.090387024,0.005339458,0.026308805,0.016865324,0.070398666,0.039077144,0.0077462764,0.06215042,0.010725945
0.029030101,0.016169492,0.0132356575,0.090879336,0.005340765,0.026356887,0.017017815,0.070562206,0.039276145,0.0076975003,0.062367607,0.01075318
0.028853808,0.016164524,0.013116506,0.091383554,0.0053421054,0.026420072,0.017173441,0.07070181,0.0394359,0.0076586595,0.06257313,0.0107825175
0.028688276,0.016160233,0.013016207,0.091837265,0.005342217,0.026480593,0.017336085,0.07074175,0.039536987,0.00762747,0.06275651,0.010821781
0.02853565,0.016170107,0.0129287345,0.092191435,0.005343943,0.026524656,0.017501388,0.07071074,0.039609525,0.0076031997,0.062932454,0.010880763
0.028374288,0.016155183,0.012847458,0.09250406,0.0053380076,0.026546407,0.017655939,0.070639424,0.03964304,0.007579357,0.063067816,0.010939629
0.028233256,0.01614354,0.012771843,0.09280341,0.005331692,0.026559103,0.017809527,0.07057574,0.039661184,0.0075585716,0.06320571,0.011002482
0.028081302,0.016127182,0.01269674,0.093095705,0.0053231134,0.026562693,0.017945785,0.07054032,0.039662354,0.0075379466,0.06331703,0.011065536
0.027923351,0.016106064,0.012625437,0.0933686,0.0053142393,0.026568098,0.018073356,0.0705365,0.039680336,0.0075176577,0.063425586,0.011128176
0.027784886,0.016085282,0.01255638,0.09368355,0.005306849,0.026578836,0.018188855,0.070534594,0.03967951,0.00749999,0.063519694,0.011189163
0.027648842,0.016062679,0.012498801,0.09397499,0.005299373,0.026593793,0.018300317,0.070542194,0.039676446,0.007483439,0.063615404,0.011247249
0.027519066,0.01603792,0.01244524,0.09426554,0.0052929646,0.026608648,0.018404521,0.070544556,0.039675876,0.0074658813,0.063709974,0.0113063045
0.027398521,0.016007982,0.012396236,0.09452099,0.0052856267,0.026615698,0.018500263,0.070509784,0.039666887,0.0074452288,0.0637914,0.011369708
0.027277673,0.015978131,0.012353803,0.09476256,0.005280294,0.02661713,0.018587016,0.070487544,0.0396602,0.0074274093,0.06386541,0.011423421
0.027174886,0.015951013,0.012325734,0.094970934,0.005273381,0.026613845,0.018670334,0.07045229,0.039629348,0.0074144066,0.06391836,0.01147171
0.027087573,0.01592398,0.012302507,0.095137045,0.0052662776,0.02660635,0.018738963,0.070408784,0.0396006,0.007400734,0.06396292,0.011513401
0.027001394,0.015896602,0.012285339,0.095298305,0.005260403,0.026592966,0.018807845,0.07035487,0.039577376,0.0073866583,0.0640141,0.011556117
0.026927624,0.015870217,0.012272009,0.09542412,0.0052541965,0.026579266,0.018873991,0.07030632,0.039554235,0.0073749553,0.06406262,0.011597061
0.026864987,0.015839117,0.012261344,0.09552514,0.0052476134,0.026563238,0.018928602,0.07024909,0.039529428,0.007362176,0.0641086,0.011632012
0.026803939,0.015805442,0.012254306,0.095611274,0.005241354,0.02655193,0.018982619,0.07018852,0.03950129,0.007350556,0.06416058,0.01166566
0.026753409,0.015766356,0.012248052,0.09567859,0.0052349987,0.026547529,0.019036254,0.07012695,0.03946641,0.007340297,0.06422319,0.011694536
0.026697068,0.015719755,0.012244274,0.09574051,0.005227361,0.02654245,0.019086437,0.07006017,0.039435573,0.007331269,0.06428988,0.011718214
0.026644493,0.015685411,0.012238046,0.09578911,0.0052226344,0.026534926,0.019135114,0.06998346,0.039416973,0.007321787,0.06435763,0.011746189
0.03767859,0.014763509,0.021106182,0.095630035,0.010638068,0.03472405,0.017835151,0.06651294,0.033743244,0.013571702,0.065660015,0.017378872
0.034451026,0.01692471,0.026141254,0.0914409,0.00953514,0.02862631,0.019949516,0.06971244,0.03573268,0.013882566,0.05651043,0.018792044
0.030139714,0.017274966,0.026335245,0.106472515,0.009183302,0.02651728,0.019559762,0.07142945,0.03518659,0.013263636,0.061440628,0.016302615
0.029563151,0.019376207,0.02746613,0.09816716,0.011171603,0.027387459,0.020642513,0.06743545,0.0371464,0.013712068,0.060885336,0.017331447
0.029476674,0.021128673,0.027330184,0.09459732,0.013141651,0.028888585,0.020917324,0.070034824,0.041580144,0.013707543,0.065350465,0.01858025
0.030661149,0.023390882,0.027715022,0.09975337,0.014468712,0.03147708,0.020651365,0.07277842,0.04663575,0.014222251,0.068833366,0.019641535
0.032135095,0.025448168,0.028548123,0.10627934,0.015653323,0.03464709,0.020931128,0.07079774,0.049655035,0.015081968,0.06944996,0.019828137
0.033563294,0.026922608,0.030091964,0.10605621,0.016208095,0.03642188,0.021621738,0.06593436,0.0497728,0.016143132,0.068302386,0.019493602
0.034592666,0.028081587,0.031721886,0.10174605,0.016472956,0.035684556,0.022571074,0.05958991,0.048594166,0.0171005,0.06627656,0.019468864
0.035294615,0.029088743,0.032541055,0.096487224,0.016535938,0.03344223,0.022957226,0.054573257,0.047669902,0.017519593,0.0640811,0.019526377
0.035655383,0.029654218,0.03235461,0.09139396,0.016239071,0.031503033,0.022544531,0.052240003,0.047607865,0.017160568,0.06252596,0.019205455
0.035174552,0.029611493,0.031454496,0.08609824,0.015779296,0.030440956,0.021889009,0.05194612,0.04856037,0.01632636,0.0620086,0.018797187
0.03455193,0.029400276,0.0302499,0.081435874,0.015431557,0.030188873,0.02137356,0.05255805,0.05002984,0.015598709,0.0622954,0.018639106
0.03474972,0.029650042,0.029439755,0.07980192,0.015408478,0.03066615,0.02115755,0.05321223,0.051686913,0.015334977,0.063030005,0.018695742
0.03549946,0.030384788,0.029194612,0.080787554,0.015617054,0.031386998,0.021183493,0.053202745,0.05321904,0.015402213,0.06367239,0.01876241
0.036255218,0.0312837,0.029346822,0.08188395,0.01593102,0.031904694,0.021396441,0.052226033,0.054273188,0.015653353,0.06376214,0.018809408
0.03679071,0.03208583,0.029630149,0.08144479,0.016262304,0.031917877,0.021740641,0.05046364,0.054740667,0.015998153,0.06327167,0.01888849
0.03704527,0.032666977,0.029744504,0.07957754,0.016525589,0.031385362,0.02208049,0.048447706,0.054847095,0.016324233,0.062508814,0.0190376
0.037091583,0.03299477,0.029544046,0.077065244,0.016676046,0.030606218,0.022266863,0.046791494,0.054939147,0.01653521,0.061742842,0.01921006
0.03699683,0.0331009,0.029076774,0.07451509,0.016731324,0.029921839,0.022301119,0.045825433,0.055192098,0.016613297,0.06113275,0.019360976
0.03685735,0.033119135,0.028524047,0.07235559,0.016760012,0.02948469,0.02227879,0.045484073,0.055612676,0.016636629,0.06074328,0.019514302
0.036807038,0.033205666,0.028030492,0.07088117,0.016834479,0.029306866,0.022281475,0.04544645,0.056126118,0.016688867,0.060510512,0.019702341
0.036898587,0.03345493,0.027681831,0.070109636,0.016990757,0.029288009,0.022326566,0.04539835,0.056636453,0.01680148,0.060337503,0.019920683
0.037092563,0.03383012,0.027473724,0.06968399,0.01721009,0.029309832,0.022390215,0.045114335,0.057025023,0.016950298,0.06008982,0.020135537
0.037301548,0.034255926,0.027362237,0.06920074,0.017467747,0.029260706,0.022478182,0.04454327,0.057190336,0.017122786,0.059715234,0.020343341
0.037471443,0.03464752,0.027292162,0.06846978,0.01772404,0.029085295,0.022567399,0.043784447,0.057139233,0.017290736,0.05924292,0.020541431
0.037596438,0.034959152,0.027215727,0.06751517,0.017968725,0.028819019,0.022649989,0.043005988,0.056960363,0.01744707,0.058734573,0.020736083
0.037687715,0.035190836,0.02710909,0.06649095,0.018187048,0.028509406,0.022710595,0.042336863,0.056741327,0.017580885,0.058265686,0.020930078
0.037770554,0.03535924,0.026983647,0.06553272,0.01838495,0.028238477,0.022753472,0.04183439,0.056551542,0.017693136,0.05786644,0.021119434
0.037871003,0.03550812,0.026861979,0.06472292,0.018576816,0.028035883,0.022792155,0.041470736,0.056387927,0.017804949,0.05753612,0.02131023
0.03799136,0.03566309,0.026798913,0.06406594,0.018806837,0.027873414,0.022859368,0.041112132,0.056296594,0.01792834,0.05728103,0.021560332
0.03814168,0.03584988,0.02674783,0.06352656,0.019022392,0.02776465,0.02291308,0.04077333,0.05613269,0.018064061,0.057009578,0.021757934
0.03831196,0.03606898,0.026722468,0.063056394,0.019253623,0.02767312,0.02297412,0.0403796,0.05591186,0.018212281,0.056706253,0.021944402
0.038459588,0.036280427,0.026713602,0.062537394,0.019476157,0.027564606,0.023034908,0.03994096,0.055639315,0.018357089,0.056383397,0.022119218
0.038583037,0.036473375,0.026707353,0.061962925,0.019697819,0.027443646,0.023104316,0.039479148,0.055328242,0.01850214,0.056043923,0.022290053
0.03869397,0.03664512,0.026698954,0.061370578,0.019904055,0.02731395,0.023169039,0.03903606,0.055008154,0.018640338,0.055706386,0.022454564
0.0387878,0.03679562,0.026681282,0.06079352,0.020089649,0.027190238,0.023227602,0.038633425,0.05469468,0.018764632,0.05539439,0.022607652
0.042709514,0.039446153,0.02451027,0.028660052,0.004100513,0.050388005,0.006060744,0.019392772,0.048325907,0.020732757,0.038952127,0.012286353
0.05030983,0.034430344,0.028514996,0.030868245,0.0065742284,0.047298044,0.0074860216,0.019909263,0.034800995,0.025955044,0.038273703,0.013854186
0.047964945,0.036721304,0.030452775,0.046669394,0.0076347245,0.04545118,0.007904385,0.020219155,0.030973556,0.031449363,0.045716718,0.013117252
0.04557774,0.0386608,0.028174475,0.05159965,0.007175411,0.044890635,0.007201618,0.018476743,0.028896332,0.029342895,0.04595802,0.012112852
0.04891499,0.034918524,0.026311139,0.047718987,0.008195945,0.050611492,0.007403161,0.019826887,0.027286327,0.028636176,0.04502775,0.012458585
0.054678526,0.03578618,0.026558936,0.05350487,0.008566799,0.055377204,0.008090963,0.019598655,0.026008483,0.03163535,0.047550227,0.012688953
0.0577719,0.037959125,0.026187873,0.06004464,0.008781914,0.05876905,0.008341597,0.019354643,0.026502533,0.032586597,0.049144637,0.012559916
0.059328035,0.037928965,0.02594087,0.06205598,0.009114592,0.06101104,0.008384651,0.0191126,0.026853932,0.03297582,0.048840422,0.012532653
0.059354153,0.037459686,0.026272697,0.06218601,0.009230426,0.06132049,0.00853649,0.018876737,0.026739178,0.03404822,0.048886318,0.01256341
0.059076402,0.03693774,0.02627272,0.0622909,0.009167764,0.061244134,0.008527172,0.018547771,0.026483454,0.034429185,0.048798326,0.0125298435
0.058880728,0.03597764,0.0259557,0.06178796,0.009106561,0.06105401,0.008441659,0.018355718,0.026206791,0.03422508,0.04826147,0.012523686
0.05910995,0.03535095,0.025797298,0.06066492,0.009008697,0.060531847,0.008394441,0.018260144,0.025749002,0.034290418,0.047951628,0.012570126
0.06022071,0.03516398,0.025761725,0.059283502,0.008861093,0.05994887,0.008286067,0.018130217,0.025156504,0.03451229,0.04786852,0.012602281
0.061468277,0.03509435,0.025641954,0.058274526,0.008749196,0.059721187,0.008161021,0.017983347,0.02466668,0.03452105,0.047750194,0.012604708
0.062096726,0.035106666,0.025546908,0.057865206,0.008689316,0.059625454,0.008089141,0.017881501,0.024357922,0.03443745,0.047666363,0.012622131
0.06240497,0.03514911,0.025517073,0.05781432,0.008652615,0.059506908,0.008043822,0.017814908,0.02417017,0.034408186,0.04762471,0.012656182
0.06269181,0.03517572,0.025479833,0.057918623,0.008615816,0.05933446,0.008003725,0.017772073,0.024024019,0.034427416,0.047587883,0.012697337
0.0629621,0.035208013,0.025454566,0.058058538,0.008573358,0.05910656,0.007974445,0.017726716,0.023903767,0.034468424,0.047562562,0.012744282
0.06326836,0.035249475,0.025449883,0.058182552,0.008526443,0.058843836,0.007947328,0.017668987,0.023811832,0.034548007,0.04755476,0.012802982
0.06359841,0.035297994,0.025437953,0.058353934,0.008473485,0.05855194,0.007922249,0.017615188,0.02373488,0.03465884,0.04757443,0.012867089
0.06393408,0.035368253,0.025436817,0.058506764,0.008418604,0.05822483,0.007896361,0.017563704,0.02367482,0.03478275,0.047625113,0.012941453
0.06427884,0.035453003,0.025436355,0.05866461,0.008358628,0.057911232,0.007867664,0.017511806,0.02361986,0.03492577,0.047685523,0.013012024
0.06461329,0.03553274,0.025451254,0.058820903,0.008296846,0.05758211,0.007840855,0.01746831,0.02357893,0.03509495,0.047784593,0.0131003065
0.0649048,0.035596628,0.025485,0.058953363,0.008236573,0.05721236,0.007812916,0.017452016,0.023548897,0.035270974,0.047935702,0.013207531
0.065274894,0.03577831,0.025472669,0.05911172,0.008172941,0.057001617,0.0077705993,0.017456252,0.023471754,0.035421856,0.048041996,0.013248435
0.065674044,0.03586234,0.02552947,0.059289657,0.008099121,0.056716345,0.0077414988,0.017324911,0.023490278,0.03566812,0.04814065,0.013342932
0.06616393,0.03596052,0.025656972,0.059419274,0.008022491,0.056464534,0.007723783,0.017040709,0.023590274,0.03600056,0.0481865,0.0134616615
0.06650821,0.036060076,0.025723672,0.059522986,0.00795634,0.056209236,0.0076923193,0.01696623,0.023603398,0.03622074,0.048336923,0.01355829
0.066790625,0.03614015,0.025779774,0.059659373,0.007893608,0.055972844,0.0076603265,0.016928207,0.023604797,0.036430556,0.048504233,0.013652502
0.06702752,0.03622305,0.025833154,0.059793547,0.0078321565,0.05574159,0.007625727,0.016899856,0.023605827,0.036631953,0.04867208,0.013743224
0.06726603,0.03629665,0.025883008,0.059905697,0.007774604,0.055538278,0.0075938073,0.016879957,0.023610428,0.036836304,0.048838306,0.013832261
0.06747695,0.036362316,0.025931431,0.060021758,0.007722673,0.055359185,0.007563935,0.016870363,0.023619454,0.03702518,0.04900371,0.013918691
0.06767265,0.036427286,0.025981264,0.060141034,0.0076726093,0.055188145,0.007535407,0.016866004,0.02362646,0.03721445,0.04916639,0.014000644
0.06786211,0.036488343,0.026029691,0.06026989,0.007627982,0.055042457,0.0075070313,0.016867474,0.023636073,0.037389033,0.049316082,0.014080001
0.068052754,0.036553778,0.026078857,0.060404293,0.007586128,0.054913804,0.0074818064,0.01687335,0.023647863,0.037566073,0.049471047,0.014155301
0.06824045,0.03661301,0.026117561,0.06056234,0.007546452,0.05481186,0.007458476,0.016881453,0.023653496,0.037731044,0.04960558,0.014223146
0.06840393,0.036669727,0.026164101,0.060704604,0.007512341,0.05471632,0.0074373116,0.016888522,0.023666957,0.037877705,0.04973137,0.014286016
0.06853454,0.036707535,0.02619882,0.060845286,0.007478853,0.054643866,0.0074188476,0.016894713,0.02367505,0.0380094,0.049839128,0.014344209
0.068648905,0.036729984,0.026232993,0.060971413,0.007447992,0.054584682,0.0074027893,0.016893376,0.023682259,0.038142312,0.04992718,0.0143997045
0.068682484,0.036676172,0.026301635,0.06105832,0.0074159335,0.054522406,0.007396279,0.016885657,0.02372439,0.038275827,0.050040994,0.014485767
0.06871786,0.03666635,0.026339836,0.06113165,0.0073961318,0.054482307,0.007387043,0.01689073,0.023740139,0.038379587,0.050114233,0.01454533
0.06879208,0.036680862,0.026359629,0.06123832,0.007377647,0.05446926,0.0073756394,0.016897803,0.02374225,0.03847175,0.05016541,0.014578852
0.06885842,0.036691617,0.02637486,0.061340794,0.00736242,0.054472387,0.007365397,0.016907858,0.023742616,0.038550425,0.05020204,0.014608317
0.06891108,0.036695566,0.026397478,0.06141325,0.007349746,0.054456227,0.0073579084,0.016913882,0.023747789,0.0386194,0.050243855,0.0146453185
0.06889062,0.03665572,0.026438888,0.061473444,0.0073431977,0.05444788,0.00735709,0.016908158,0.02377787,0.038703814,0.05028828,0.014702039
0.068885304,0.036635928,0.026465472,0.061524842,0.0073397374,0.054456815,0.007355175,0.016925415,0.023784505,0.03876918,0.050319593,0.014743866
0.06888437,0.036608916,0.026482455,0.061590802,0.007332549,0.054438602,0.007351855,0.016939823,0.02379423,0.038825534,0.050356474,0.014784268
0.068915226,0.036619764,0.026492005,0.061656024,0.0073281396,0.054469388,0.00734509,0.016958714,0.023786245,0.0388732,0.050359998,0.014796811
0.068945125,0.036633622,0.026490211,0.0617428,0.007324973,0.05452535,0.007339977,0.01697591,0.02377625,0.038912367,0.050355006,0.01480204
0.06899889,0.03665521,0.026488956,0.06183965,0.0073226783,0.054587945,0.007335486,0.016991029,0.023766678,0.038950894,0.050345633,0.014804514
0.0690502,0.0366798,0.026492743,0.061923113,0.007321919,0.054651927,0.0073304707,0.017000971,0.023759859,0.03898857,0.05033559,0.014805225
0.069071725,0.036699586,0.02649301,0.06201651,0.007322671,0.054722372,0.007326665,0.01701405,0.02375248,0.03901871,0.05031433,0.014804306
0.0691165,0.036720302,0.026495423,0.06210487,0.0073254546,0.05480657,0.007323773,0.017026106,0.023743313,0.039056033,0.05029119,0.014798771
0.06916541,0.036743056,0.026497895,0.062192123,0.0073291794,0.054894324,0.007321666,0.017035564,0.023737278,0.039093416,0.050269485,0.014793584
0.06921102,0.036762603,0.026494816,0.06228432,0.0073329275,0.054985117,0.007318274,0.01704051,0.023729587,0.039126445,0.050241787,0.014786977
0.0692474,0.03678221,0.02649744,0.06238004,0.007338806,0.055077795,0.0073159873,0.017047372,0.023721239,0.0391653,0.050211754,0.014780789
0.0692806,0.036805708,0.026500393,0.06249143,0.007345636,0.055182215,0.0073144124,0.017052868,0.023713222,0.03920589,0.050178684,0.014771849
0.06931529,0.03683005,0.02650294,0.062589176,0.007354277,0.055291343,0.007312474,0.0170578,0.0237074,0.03924604,0.05014627,0.014759862
0.06934277,0.036852155,0.026507806,0.0626827,0.0073656198,0.055407953,0.0073107225,0.017063743,0.023704195,0.039286368,0.050110888,0.014748804
0.06936871,0.03687718,0.026507603,0.06280825,0.007376076,0.05553374,0.007310338,0.0170667,0.023695543,0.03932621,0.050069343,0.01473478
0.06939278,0.03690133,0.026508773,0.062929586,0.0073883925,0.055661827,0.00730931,0.017070247,0.023688931,0.03937562,0.050027926,0.0147198755
0.069413364,0.036925595,0.02651404,0.0630584,0.007403143,0.0558049,0.007308722,0.017071486,0.023683995,0.03941839,0.04998461,0.014704704
0.06941755,0.036950067,0.026517684,0.0631839,0.007418029,0.05595176,0.0073086875,0.017074192,0.023679271,0.039469827,0.049939662,0.014687036
0.06942716,0.03697032,0.026516758,0.06333892,0.0074360343,0.0561163,0.0073089926,0.017076302,0.023671992,0.03952127,0.04988736,0.014666969
0.06942735,0.037000798,0.02652105,0.06349713,0.007453945,0.05627071,0.007308148,0.01707604,0.023665128,0.03957291,0.049834125,0.014645443
0.06944337,0.037024558,0.026524022,0.063655995,0.007473677,0.056449864,0.0073091374,0.017072294,0.023657626,0.039635826,0.049771745,0.014624373
0.06945005,0.03704988,0.026530726,0.063823074,0.0074969768,0.056640483,0.0073092654,0.017069861,0.023649199,0.039700355,0.04971281,0.014600242
0.06944178,0.037079137,0.026536645,0.06399543,0.0075222026,0.056845132,0.00731049,0.01707015,0.023645539,0.0397678,0.049655836,0.014573057
0.06942824,0.037105195,0.026539847,0.06419814,0.0075481692,0.057067137,0.007311124,0.017068477,0.02363401,0.039848406,0.0495857,0.014544713
0.06943534,0.037142895,0.02655071,0.06440818,0.0075782095,0.057295207,0.007312529,0.017063024,0.023625959,0.039930128,0.049513265,0.0145136705
0.06943752,0.037176326,0.026559893,0.064630985,0.007611847,0.05755358,0.0073139104,0.01705793,0.023617864,0.040018205,0.0494327,0.01448012
0.06940984,0.037208103,0.026566058,0.06486784,0.0076465504,0.057826877,0.0073153577,0.017055003,0.023605827,0.040111337,0.04935023,0.014442828
0.06938802,0.037241388,0.026575696,0.065122135,0.007682658,0.058111094,0.007317272,0.017051348,0.023592424,0.040213827,0.049261596,0.01440403
0.06937357,0.03727534,0.02658088,0.06538963,0.00772222,0.058413703,0.0073187756,0.017046852,0.023581533,0.040311232,0.049170982,0.014362288
0.06934298,0.037316814,0.026593711,0.06565245,0.0077630957,0.05871834,0.007320869,0.017041003,0.02356861,0.040415376,0.049079347,0.014321351
0.069317214,0.03735431,0.026605263,0.06593988,0.0078060846,0.059040405,0.007322602,0.01703578,0.023553569,0.04052128,0.04898227,0.014277726
0.0692926,0.037394557,0.026612364,0.0662424,0.007849922,0.059376378,0.0073245605,0.01702957,0.023539564,0.040629108,0.048886996,0.014231106
0.06924166,0.03742872,0.026626498,0.0665367,0.007896067,0.059713896,0.0073273,0.017024646,0.023523867,0.04073813,0.04878352,0.014185357
0.06921611,0.03746194,0.026641462,0.0668488,0.007943493,0.060067974,0.0073290723,0.017018534,0.023505762,0.040862326,0.04867836,0.014139009
0.069196485,0.037500177,0.026657233,0.06714496,0.007990546,0.060424335,0.0073309597,0.017011635,0.023487236,0.04098186,0.048580997,0.014092371
0.06916155,0.037532218,0.02667768,0.06742703,0.008038372,0.06077412,0.0073327855,0.017006189,0.023471087,0.041093532,0.048485696,0.014048534
0.06913553,0.03756821,0.026694875,0.06771534,0.00808249,0.06110253,0.007334257,0.017000046,0.023453733,0.041197006,0.04839738,0.014007512
0.069115505,0.037594814,0.026713671,0.06796319,0.008125389,0.061416864,0.0073355385,0.016995845,0.023439817,0.041293353,0.048313815,0.013971166
0.069103554,0.03762885,0.0267372,0.06819475,0.008168424,0.061719205,0.007336344,0.016991442,0.023425037,0.04139186,0.048240844,0.013936531
0.06909031,0.037657708,0.026763732,0.06844688,0.0082083065,0.062001504,0.007337907,0.016987253,0.023413807,0.041491847,0.04817532,0.013905609
0.0690682,0.037677795,0.026787706,0.068665914,0.0082459655,0.062266286,0.0073381397,0.016985223,0.023403367,0.04157489,0.048110995,0.013877194
0.06906343,0.037694704,0.026813146,0.06885724,0.008282498,0.062525764,0.007339692,0.016982038,0.023390952,0.041661672,0.048053496,0.013852582
0.06901115,0.03770807,0.026843667,0.06907982,0.008329344,0.06285309,0.0073418184,0.01697868,0.02337993,0.04177012,0.047982067,0.013823736
0.06898483,0.037717905,0.026870703,0.0692532,0.008363095,0.06307958,0.0073431954,0.01697634,0.023371635,0.04185116,0.047935367,0.013808766
0.06897035,0.03773547,0.02689061,0.06941054,0.0083889775,0.063270286,0.0073453817,0.01697151,0.023363926,0.041890245,0.04789521,0.013795008
0.068704724,0.037694573,0.02704181,0.06983894,0.008561665,0.064228795,0.0073421868,0.0169907,0.023310313,0.042330004,0.047675118,0.013708793
0.068623476,0.037668284,0.02709396,0.07003225,0.0086103,0.06462312,0.0073390114,0.017001392,0.023290878,0.042461284,0.047608938,0.013693662
0.06862677,0.03767946,0.027125014,0.0700872,0.008629867,0.06472209,0.0073403735,0.017002188,0.023286255,0.042490635,0.04759954,0.013692149
0.06863557,0.03769856,0.027151724,0.07015868,0.00863592,0.064745866,0.0073418333,0.01699948,0.023285693,0.0424905,0.047598712,0.013693747
0.06865803,0.03770593,0.027146865,0.07023124,0.00863685,0.06480475,0.007340193,0.016994245,0.02327729,0.04248311,0.047588605,0.013690193
0.06868442,0.03771719,0.02715551,0.070259124,0.008640897,0.06484495,0.0073416727,0.016989714,0.023283228,0.04247438,0.047587626,0.013692259
0.06871819,0.03772717,0.027157955,0.07028666,0.008644614,0.0648935,0.007343894,0.016983494,0.023286212,0.042473238,0.047586974,0.013692524
0.068765745,0.037749678,0.027160512,0.070336424,0.00864719,0.06494461,0.0073436084,0.016978543,0.023287337,0.04247642,0.04759266,0.013691498
0.06879255,0.03776466,0.02716336,0.07038123,0.008650007,0.06499275,0.0073446655,0.016976045,0.023291975,0.04247477,0.04759836,0.013691209
0.068821736,0.03777403,0.027170088,0.07041081,0.008653405,0.06503067,0.0073455623,0.016973801,0.023294395,0.042481363,0.047600344,0.013692311
0.068860985,0.037787788,0.027173974,0.07044753,0.008656097,0.06506855,0.007346456,0.016972702,0.02329505,0.042491026,0.047605976,0.013693387
0.0688982,0.03779877,0.027176393,0.070466764,0.008658618,0.06510119,0.007347339,0.016969291,0.023299882,0.042492386,0.047612388,0.013693727
0.06892789,0.037803967,0.027179297,0.07048684,0.008660685,0.0651326,0.0073478743,0.016967524,0.0233026,0.042501714,0.047616243,0.013696026
0.068945386,0.03781189,0.027179707,0.07051548,0.008662032,0.06515936,0.0073480867,0.016965855,0.023304727,0.042503715,0.04762072,0.013696761
0.06897771,0.03781918,0.02718163,0.07053204,0.008663028,0.06518276,0.0073487023,0.016964167,0.02330771,0.042511683,0.047628142,0.013698255
0.06901628,0.037830852,0.02718259,0.07055747,0.008665165,0.06520855,0.007349196,0.016961632,0.02331191,0.042518582,0.04763597,0.013699925
0.06904092,0.037836317,0.0271837,0.070568055,0.008666689,0.06523129,0.007349628,0.016960217,0.023314623,0.04252245,0.047639906,0.013701484
0.06907419,0.03784349,0.027187934,0.07057688,0.008667607,0.06524838,0.0073501845,0.01695881,0.023319688,0.04253191,0.047646895,0.0137039
0.092952564,0.0146269305,0.02036161,0.0819135,0.018380988,0.05945031,0.0037198032,0.02678702,0.011150032,0.026965428,0.044661276,0.017477423
0.07149499,0.013710515,0.0219245,0.073011845,0.0152095705,0.057656486,0.003802028,0.03144547,0.019447451,0.025180506,0.047985695,0.015007867
0.06443888,0.015034344,0.021261726,0.06913835,0.015611316,0.046308998,0.00357952,0.037700187,0.018370511,0.022316586,0.049653865,0.016497737
0.06613753,0.01586936,0.022730608,0.071377456,0.017137663,0.038046557,0.003234687,0.04188131,0.016088588,0.01964333,0.054754633,0.020171644
0.0622431,0.018188339,0.02391652,0.073712274,0.016619163,0.03675974,0.003196762,0.044659983,0.017651193,0.018009614,0.053458944,0.022147207
0.05645813,0.01889318,0.023665112,0.06340352,0.016450128,0.032562193,0.0031402018,0.044265684,0.018468186,0.017573481,0.051271737,0.023167143
0.055182453,0.01955137,0.024169512,0.058342528,0.01732988,0.028493684,0.0033139659,0.045787852,0.018322729,0.018683152,0.05139296,0.02640605
0.053460065,0.019926997,0.024564762,0.05543483,0.017293068,0.025488744,0.0034437568,0.04705233,0.0185306,0.01963849,0.052214835,0.028682984
0.051814735,0.019916182,0.025040908,0.04896677,0.017187513,0.022086928,0.0035435657,0.0479459,0.01816463,0.021036197,0.05253946,0.030663202
0.051511884,0.019899016,0.025590409,0.044939738,0.017317565,0.019764682,0.0036886919,0.048727922,0.017474597,0.022049718,0.052822538,0.033414327
0.051159587,0.02002089,0.026168296,0.04287973,0.017467322,0.018218651,0.0038221572,0.048762724,0.01681394,0.022768898,0.053613964,0.03540775
0.050779197,0.020250699,0.026883151,0.041057363,0.017760089,0.017130187,0.0039243572,0.048529755,0.01610926,0.023364432,0.054280475,0.03644792
0.050919197,0.0206818,0.027688216,0.039756857,0.018203259,0.01640851,0.0040138126,0.048669755,0.015457333,0.023852764,0.054801773,0.037159868
0.05147653,0.021353187,0.028507283,0.038984127,0.018730318,0.015885126,0.0040893783,0.049130324,0.01493211,0.024267694,0.055417996,0.03756794
0.052326694,0.022166893,0.029326597,0.038431957,0.019301036,0.015495069,0.0041497992,0.049794033,0.014500928,0.024663577,0.05606388,0.037666693
0.05331936,0.022967357,0.03015266,0.03800155,0.019808302,0.015227371,0.004198498,0.050511815,0.0141205015,0.025041116,0.056563042,0.03757392
0.054236643,0.023676775,0.030971572,0.03764596,0.020201197,0.01506234,0.0042428966,0.05112371,0.013778981,0.025418732,0.056877416,0.037317783
0.054969028,0.024301743,0.031729054,0.03727876,0.02049301,0.014971087,0.004287109,0.051605217,0.013469378,0.02580008,0.05700864,0.03690404
0.055529177,0.024841247,0.032412995,0.036920883,0.020690806,0.014929341,0.00432945,0.05196082,0.013206015,0.02615455,0.05700157,0.03644992
0.056214944,0.02543119,0.03285276,0.036408093,0.020878844,0.014917977,0.0043683737,0.052289087,0.012917166,0.026524909,0.057133287,0.036003195
0.056371804,0.025760021,0.033494405,0.03597683,0.02098278,0.014941702,0.0044109924,0.0524975,0.012734741,0.02684786,0.056845248,0.035632752
0.05634243,0.025985844,0.034101684,0.03553236,0.02105353,0.014995127,0.004455861,0.05261943,0.012595613,0.027117146,0.056421477,0.03530461
0.056228846,0.026145168,0.03462741,0.035115067,0.02111633,0.015061115,0.0045014494,0.052731786,0.0124823395,0.027344905,0.055958834,0.035023198
0.056054447,0.026274031,0.03508759,0.034735903,0.021172876,0.0151413195,0.0045486693,0.052851606,0.012396884,0.027535863,0.055484656,0.03479222
0.055840015,0.026362529,0.03549352,0.034368794,0.021224622,0.015228972,0.0045951805,0.05297195,0.012330443,0.027693057,0.05499536,0.03460354
0.055616267,0.026430432,0.035843268,0.034033123,0.02127929,0.0153218275,0.004642798,0.05310783,0.012275686,0.027833078,0.054521084,0.034462225
0.05537669,0.026479058,0.036147825,0.03372436,0.021326518,0.015415134,0.0046905275,0.05324754,0.012236928,0.027951613,0.054068655,0.034351572
0.055134904,0.02650958,0.036411606,0.03343238,0.021377485,0.015512166,0.0047379155,0.05338587,0.012208075,0.028053455,0.05362958,0.034275327
0.05489006,0.026525926,0.036637053,0.033166893,0.02142749,0.015612532,0.0047850357,0.053532206,0.012188872,0.028140303,0.053210422,0.034217086
0.081462435,0.026837599,0.040072437,0.059074663,0.01173915,0.023757536,0.004463663,0.039705012,0.032133866,0.011435526,0.061774008,0.027144954
0.064210035,0.028652279,0.036943514,0.049402747,0.014430062,0.028615488,0.0059422855,0.034090824,0.03879876,0.0098806955,0.04862023,0.02644536
0.06979998,0.028078275,0.033626873,0.059400413,0.016184224,0.036091555,0.006865358,0.0337194,0.039199494,0.010176265,0.04374732,0.026612993
0.07548305,0.033595987,0.032419804,0.074749134,0.016216034,0.038220573,0.007448947,0.035735328,0.03906625,0.008354249,0.042426776,0.02519617
0.0809947,0.033904716,0.03216127,0.08736336,0.017402943,0.037895694,0.009352228,0.037327837,0.039349575,0.0075586005,0.03962815,0.027465547
0.08245055,0.03536761,0.030157285,0.09933069,0.019242622,0.04157742,0.01167249,0.036760744,0.04228446,0.006939125,0.038522504,0.028107373
0.07963851,0.038840555,0.02937336,0.10173241,0.01982569,0.04503895,0.012922613,0.035356957,0.04632373,0.006428642,0.038320865,0.027729115
0.07341819,0.039280556,0.027855586,0.093653314,0.020798104,0.04462635,0.013748415,0.032372516,0.049190994,0.006257692,0.03743947,0.027487963
0.06854419,0.03838881,0.025716275,0.084047586,0.021958586,0.041960645,0.013986754,0.028701318,0.05083386,0.006178931,0.035945486,0.02666686
0.066216074,0.037908785,0.023978122,0.07632239,0.022002248,0.038833603,0.014012834,0.026151462,0.052265495,0.006099403,0.035077427,0.025504228
0.06453263,0.037859574,0.022747371,0.07144879,0.021876212,0.036508154,0.014201209,0.024585336,0.0542928,0.006076154,0.034498055,0.024703443
0.06297164,0.038440768,0.021966241,0.069316044,0.02196828,0.035524566,0.014445666,0.023700295,0.056799043,0.0060428693,0.034017533,0.024193255
0.062024277,0.03961775,0.02172173,0.06891354,0.022165688,0.035664864,0.014811909,0.02338335,0.059650596,0.00601883,0.03386489,0.02398381
0.06138074,0.041236974,0.021862932,0.06935193,0.022603529,0.03640171,0.01532801,0.02315045,0.062707566,0.006033671,0.0338478,0.024088087
0.06067464,0.043080203,0.022182744,0.070193656,0.023307834,0.03737489,0.015864676,0.022821838,0.065486506,0.0060612154,0.033781145,0.02428079
0.059877597,0.044887546,0.022567356,0.07106629,0.024236852,0.03828974,0.016373869,0.022416228,0.06755168,0.0060957936,0.03365893,0.024404613
0.058922496,0.04659002,0.022922305,0.0717977,0.025407027,0.038994633,0.016827455,0.021858465,0.0688808,0.006140955,0.033415157,0.024403771
0.057826754,0.048333637,0.023202041,0.072491914,0.026809096,0.039528668,0.017184969,0.02113881,0.06983599,0.0061902525,0.03299242,0.024248289
0.056551006,0.050270703,0.023413876,0.07317565,0.028356964,0.04008292,0.017450873,0.020342985,0.07085452,0.006256203,0.032443568,0.024010899
0.023362668,0.034823287,0.021912625,0.043950357,0.036073968,0.025405021,0.0045790146,0.02749541,0.030273668,0.0031418889,0.0312992,0.032777425
0.03119166,0.03506679,0.025920834,0.048345033,0.032766737,0.027774382,0.00431882,0.028464833,0.026793668,0.0043261214,0.031513087,0.025675336
0.029917438,0.032980546,0.022838093,0.04539987,0.026329124,0.025689851,0.0039255577,0.02263027,0.02309101,0.004388497,0.0340383,0.023004748
0.02795377,0.029163849,0.027591001,0.037486743,0.032085575,0.028498411,0.004974428,0.03222434,0.021539459,0.005903892,0.030712483,0.018415645
0.033049107,0.029518567,0.025211768,0.0398536,0.03100196,0.03332286,0.004576753,0.040245328,0.018831398,0.005792731,0.032255583,0.021135153
0.029801896,0.028789327,0.023503339,0.04167785,0.03305965,0.030779961,0.0047110924,0.0403602,0.018299602,0.00676944,0.03393797,0.018796675
0.029032039,0.026911188,0.024608927,0.041647475,0.032813825,0.030147746,0.0050483304,0.040360577,0.018254593,0.00836247,0.035844166,0.020244578
0.030072445,0.026013942,0.024332523,0.044745445,0.033301696,0.031474005,0.0052858167,0.04322454,0.018084588,0.009462565,0.037741702,0.020196833
0.02890884,0.025576996,0.024535457,0.04777164,0.033838656,0.031118058,0.0055541983,0.045689423,0.018558834,0.010354818,0.03877741,0.01959505
0.028307432,0.025417337,0.025200227,0.049450874,0.033738513,0.029851928,0.0058183456,0.04774503,0.018515123,0.011485952,0.03888543,0.019398216
0.028583737,0.025346369,0.025760826,0.05082472,0.033821248,0.028980294,0.0059789075,0.049482126,0.018259287,0.01269215,0.039624114,0.01940711
0.02910236,0.025518632,0.02661247,0.05221402,0.034192756,0.02829193,0.006036377,0.05050455,0.01829381,0.01379905,0.040900636,0.019802442
0.029980972,0.025795287,0.027825369,0.052494537,0.034421854,0.027539248,0.0060585756,0.050718162,0.01824998,0.014953385,0.04183488,0.020668186
0.031026497,0.02606399,0.028969944,0.05172038,0.034396205,0.02669717,0.0060453587,0.05037791,0.018039875,0.01611117,0.042668935,0.02179201
0.03196686,0.026223041,0.029811015,0.050770443,0.03410666,0.025621513,0.0059549524,0.04988135,0.017770417,0.017072095,0.04354834,0.023019183
0.033098824,0.026344169,0.030680843,0.049271274,0.033574518,0.02433122,0.005876395,0.049529325,0.017403645,0.018132173,0.04427795,0.02448299
0.034521427,0.026757475,0.031792358,0.046708446,0.032663144,0.022898551,0.005907388,0.050201867,0.016868884,0.019731404,0.045023303,0.02613232
0.036108937,0.027471565,0.032937836,0.044303376,0.03167363,0.02168096,0.006004034,0.051546052,0.016275918,0.021213315,0.045656312,0.02797375
0.03791958,0.028255995,0.03400292,0.042593937,0.031005943,0.020781491,0.006119761,0.05242728,0.015737494,0.022310281,0.046279784,0.029818734
0.039963987,0.029119747,0.035024174,0.041339986,0.030580176,0.020078022,0.0062535475,0.052918598,0.015246637,0.023361022,0.04723717,0.031403694
0.04207359,0.030054389,0.03599625,0.04036592,0.03025667,0.019509578,0.006385479,0.05329631,0.014817588,0.024375293,0.04842787,0.032686252
0.044104,0.030960957,0.03693092,0.03956943,0.0299471,0.019068707,0.006498987,0.05364471,0.014460411,0.025327886,0.049601495,0.03372198
0.04589895,0.03173214,0.037791833,0.03889889,0.029631302,0.018731358,0.006581582,0.053982213,0.014164473,0.026192646,0.050573554,0.034529038
0.047354802,0.032317348,0.038542844,0.038355466,0.029315325,0.018473506,0.0066309473,0.054322008,0.013929226,0.026929574,0.051314034,0.035093706
0.04849423,0.032719005,0.03919584,0.03793402,0.029018346,0.018295735,0.006655668,0.054665785,0.013745823,0.027544802,0.051803418,0.03547194
0.04935785,0.032958027,0.039755765,0.037575856,0.028732704,0.018170921,0.006663147,0.054970942,0.01360035,0.028042862,0.0520955,0.03568229
0.05000315,0.033071846,0.040224805,0.037284143,0.028484024,0.018098785,0.006664561,0.055252966,0.013485837,0.028445546,0.05223198,0.035765003
0.05050108,0.03309552,0.04060749,0.037037447,0.028263938,0.018065453,0.0066611557,0.05551647,0.0133946575,0.028771214,0.05227778,0.035760224
0.050863557,0.033054005,0.040919293,0.036818568,0.02807638,0.01805834,0.0066601112,0.05576667,0.013323423,0.029033842,0.052256428,0.035703126
0.051144116,0.032967493,0.041163653,0.0366288,0.027911182,0.01807186,0.006659414,0.056011718,0.0132672135,0.029243037,0.052205652,0.03560714
0.051362198,0.032855067,0.041363336,0.036473308,0.027770841,0.018102637,0.0066615283,0.056254644,0.013224167,0.029421205,0.052149482,0.035499536
0.05152976,0.032731537,0.0415135,0.036327396,0.027651737,0.01814377,0.0066661644,0.056491647,0.013188882,0.029566763,0.05207986,0.035389725
0.051660415,0.032602433,0.041635532,0.03619953,0.027535837,0.018186899,0.006673017,0.056721095,0.013160366,0.029694874,0.052021265,0.03528248
0.051764414,0.032466576,0.041727804,0.036093604,0.027438873,0.01824023,0.006681565,0.056942284,0.013140303,0.029802956,0.051971693,0.035178866
0.051845737,0.032339774,0.04179932,0.035992708,0.027344955,0.018289115,0.0066900426,0.05714817,0.013120721,0.029899297,0.051923048,0.03508891
0.051905766,0.032206867,0.04186412,0.035912592,0.027260719,0.018339718,0.006698398,0.057345174,0.013108798,0.029981764,0.051887162,0.035001166
0.051959418,0.032088596,0.04190466,0.03583803,0.027174015,0.0183856,0.0067074774,0.057537533,0.013095604,0.03005648,0.051869053,0.034926288
0.05200232,0.03197441,0.041945793,0.03577671,0.027098114,0.018431334,0.0067155357,0.05770834,0.013087182,0.030122086,0.05185625,0.03485952
0.052040752,0.03186546,0.04198509,0.03572237,0.027028669,0.018475447,0.006723228,0.057871856,0.013081049,0.030181002,0.051847987,0.034800153
0.052072283,0.03176717,0.042015012,0.035674382,0.026955256,0.018518133,0.006729612,0.058020707,0.013077628,0.030235888,0.051848527,0.034745563
0.05209917,0.03167462,0.042038973,0.035639443,0.026890073,0.01855812,0.0067359065,0.058157243,0.013073276,0.03028681,0.051857647,0.03469958
0.052126046,0.03159375,0.04206785,0.0356071,0.026829265,0.018594084,0.006740905,0.058287874,0.01307062,0.030330567,0.051875044,0.03465749
0.052144982,0.03151399,0.042094424,0.035586745,0.026770033,0.018631155,0.0067464467,0.058414765,0.013070036,0.030371249,0.05188798,0.03461989
0.052162644,0.031441256,0.042122953,0.035568044,0.026714947,0.018663082,0.00674992,0.05852,0.013069634,0.03040292,0.051912416,0.034582768
0.052189246,0.031380292,0.042149067,0.03555262,0.026661012,0.018695423,0.0067531466,0.05862863,0.013069063,0.030440094,0.05194171,0.03455492
0.05221159,0.03132129,0.042177267,0.035547365,0.026612302,0.018725265,0.006757146,0.05872547,0.013068688,0.030472308,0.051973067,0.034528736
0.052230872,0.03126618,0.04220386,0.035540015,0.026564222,0.018751487,0.0067586247,0.058809035,0.013068552,0.030498894,0.05200488,0.034499522
0.052250892,0.03121436,0.04223405,0.03554214,0.026516605,0.018778555,0.0067607695,0.058891963,0.013071081,0.030525867,0.052042317,0.034476254
0.05226807,0.031166524,0.042264592,0.03553723,0.02646812,0.018801387,0.006762415,0.05897114,0.013072457,0.030554185,0.05208236,0.03445308
0.052292105,0.031126384,0.042291816,0.035537645,0.026423078,0.018824646,0.006762352,0.059040323,0.013073061,0.030577166,0.052120887,0.034432713
0.052311566,0.031085165,0.0423175,0.035544287,0.026380882,0.018846162,0.006763197,0.059108924,0.013074261,0.030599963,0.052164275,0.03441033
0.052328657,0.031048348,0.04234345,0.035555482,0.026340881,0.018864496,0.0067629633,0.059169915,0.013075699,0.030619498,0.05220887,0.03438898
0.052341428,0.031012114,0.042371497,0.035564814,0.02630181,0.018883733,0.006763329,0.059236456,0.01307882,0.030637663,0.05225337,0.034370746
0.052367546,0.030978525,0.042402968,0.035578575,0.026261639,0.01890102,0.006762176,0.059292957,0.01308143,0.03065443,0.052301686,0.034353185
0.05238627,0.030948997,0.042431574,0.03559026,0.026225077,0.01891682,0.0067611565,0.059339166,0.013082667,0.030672142,0.05234313,0.03433006
0.05240191,0.030921113,0.04245945,0.03560362,0.026188798,0.018932734,0.006760872,0.059391543,0.013084237,0.030689737,0.052390896,0.034314018
0.052420717,0.030891044,0.04248929,0.035619915,0.026153173,0.018948022,0.006758999,0.05943623,0.013086622,0.030703023,0.052435335,0.034295615
0.05243365,0.030864807,0.042514592,0.035638258,0.026120018,0.01896017,0.006757118,0.059476465,0.01308866,0.030714504,0.052478366,0.03427584
0.052453343,0.030844904,0.042542312,0.035656188,0.026087653,0.018973043,0.006755524,0.05951869,0.0130898245,0.030729087,0.05252781,0.034257706
0.05247215,0.030821525,0.042570163,0.035672408,0.02605691,0.018985026,0.0067537418,0.059554886,0.013092035,0.030739853,0.05257389,0.034237884
0.05248811,0.030799026,0.042592857,0.035688344,0.026025381,0.018995127,0.006751014,0.059596095,0.013092479,0.0307522,0.052617017,0.034219574
0.059209898,0.021801673,0.05178377,0.039450407,0.033332616,0.026157035,0.010159184,0.07066719,0.01812459,0.03213786,0.041445777,0.039704476
0.059117362,0.017934319,0.055228464,0.034593485,0.029731257,0.027555829,0.010089201,0.05794599,0.019177599,0.033183835,0.03481769,0.03188529
0.038602896,0.015862467,0.048433155,0.028966965,0.011450534,0.036227737,0.0031315773,0.042804666,0.018381402,0.036208637,0.027891612,0.02197349
0.046789505,0.01612526,0.04850971,0.033139873,0.017700555,0.046958473,0.0046333936,0.0487565,0.01918487,0.044213258,0.032931037,0.021828048
0.05037319,0.017884308,0.05053549,0.042333774,0.018687757,0.049509346,0.0045962865,0.048734035,0.020917999,0.04741351,0.03402287,0.018126858
0.045135137,0.01891583,0.047748066,0.042581618,0.020140905,0.053215146,0.004570843,0.049127635,0.019654557,0.044211593,0.032204777,0.017288134
0.04814323,0.02013997,0.046184316,0.04358555,0.023298852,0.058920503,0.005086056,0.048446573,0.018906362,0.045742918,0.032924842,0.018815525
0.051562488,0.021240827,0.04452375,0.047673903,0.024124848,0.060894005,0.005344189,0.045617238,0.018489257,0.04738695,0.034744356,0.018528823
0.052268956,0.021758938,0.043290254,0.049898762,0.024939058,0.06159812,0.0054316297,0.043107588,0.0182909,0.047245227,0.035231326,0.0182348
0.053112555,0.02197573,0.04231802,0.051802855,0.025479354,0.062004298,0.005493305,0.041696556,0.017917043,0.047089778,0.035291985,0.017946634
0.05481728,0.022357693,0.04178261,0.05546349,0.025489787,0.062098175,0.005507772,0.04085297,0.017543303,0.04719301,0.035646204,0.017579723
0.056807168,0.022809532,0.041935533,0.05948923,0.025555436,0.062197443,0.0054478273,0.04041821,0.017295595,0.046821162,0.035894662,0.017286764
0.058877975,0.023362435,0.042227075,0.0636469,0.025885517,0.06252484,0.0054065716,0.040255338,0.017113151,0.046387624,0.036050066,0.01708604
0.06092875,0.023997989,0.042390108,0.068974696,0.026263518,0.0631999,0.005414059,0.03995477,0.016949527,0.04599175,0.036366284,0.0169022
0.06263901,0.024651082,0.042370766,0.07642087,0.026580358,0.06422984,0.0054504788,0.039370462,0.016769003,0.04527447,0.03675786,0.016690096
0.06382,0.025268428,0.042165607,0.08569636,0.026574017,0.06551485,0.005509496,0.03879201,0.016631784,0.044615265,0.037075017,0.016422717
0.06511945,0.02580047,0.04183258,0.09485986,0.026088966,0.06727439,0.0055707437,0.03825586,0.01656547,0.04450279,0.037372664,0.016057398
0.06706221,0.02623358,0.041143615,0.101955995,0.025153052,0.06987538,0.00561406,0.037727114,0.016521621,0.04506219,0.03779623,0.015573271
0.06957706,0.026574463,0.03985329,0.10563568,0.02387963,0.0734137,0.005645786,0.037222233,0.016483413,0.046344083,0.03841024,0.014981364
0.07230968,0.026919646,0.038469404,0.1058234,0.022833288,0.07766256,0.005695272,0.03660546,0.01654112,0.04805892,0.03925294,0.014443894
0.07490542,0.02731592,0.037557177,0.104513355,0.022177465,0.081931315,0.0057607326,0.035865724,0.016702957,0.04979304,0.040275868,0.014037311
0.07719077,0.027774425,0.037006278,0.10363515,0.021621337,0.0855706,0.005818304,0.035115633,0.016856873,0.05130843,0.041316785,0.013705111
0.07912695,0.028285056,0.03661737,0.10351517,0.021067811,0.08840564,0.005858464,0.034400743,0.016974239,0.052538227,0.04228688,0.013430251
0.10224767,0.017659223,0.031605884,0.037225585,0.07601001,0.036947876,0.005122769,0.043769505,0.014596742,0.029559704,0.032515563,0.017182933
0.07168946,0.021978723,0.036351208,0.040081512,0.050817706,0.04327627,0.0058693797,0.042520832,0.013558998,0.03538259,0.035287846,0.024701767
0.049681615,0.019640028,0.032227375,0.04077827,0.05374509,0.045440372,0.0064796438,0.053312,0.014927004,0.037505057,0.032889187,0.02475714
0.0435791,0.020115254,0.03289132,0.03748594,0.05742905,0.039279386,0.0066634435,0.06563127,0.014994481,0.033794932,0.032109953,0.023327205
0.04462105,0.020854332,0.033922613,0.03498626,0.048508987,0.037371464,0.006867494,0.06634981,0.015076174,0.036152028,0.03371252,0.025278965
0.04285469,0.020172885,0.03248693,0.02864638,0.046076357,0.034564365,0.006830696,0.069495276,0.015169519,0.037679806,0.031800203,0.026040904
0.043393105,0.020547591,0.031178216,0.023157522,0.04467747,0.030790359,0.007182068,0.06873125,0.015390555,0.038320452,0.030672494,0.027042415
0.044569913,0.02139538,0.02917272,0.019511867,0.041992966,0.027527014,0.007618733,0.065211706,0.015699884,0.0400684,0.030484607,0.028149568
0.045006566,0.022234973,0.026998376,0.016175684,0.041203838,0.024259701,0.008024463,0.062628254,0.015745178,0.042215638,0.029859498,0.029267242
0.04541109,0.022976846,0.025451282,0.013757697,0.0414136,0.020998012,0.008556696,0.060242865,0.015631098,0.044017754,0.029717084,0.030501893
0.045965742,0.023445303,0.024436295,0.012247354,0.041859243,0.017922597,0.009032342,0.058108564,0.015450449,0.045596533,0.029852657,0.03182436
0.046560086,0.023869624,0.023741532,0.0111375945,0.04261647,0.01527363,0.00937343,0.05642229,0.015233935,0.046691526,0.029696865,0.033201918
0.04713348,0.024381252,0.023316763,0.010401283,0.04343259,0.013479595,0.009639468,0.054665264,0.01516464,0.047191735,0.029507067,0.034440015
0.047561202,0.024890475,0.023089925,0.009960297,0.044292834,0.012443575,0.009826297,0.053052913,0.01523654,0.047472402,0.029272243,0.03545917
0.047742236,0.025302796,0.023012878,0.009652997,0.04529467,0.011846772,0.009941604,0.051774066,0.01536524,0.047666594,0.028884988,0.036301423
0.047756158,0.025609778,0.02305131,0.009451496,0.046447337,0.011523853,0.0100249555,0.05072805,0.0155424,0.04776916,0.02847643,0.037030365
0.047604773,0.025797198,0.02313142,0.009317114,0.047729783,0.011361875,0.010089377,0.049933497,0.015737709,0.047842912,0.028054386,0.03766962
0.047357026,0.02591596,0.023247674,0.009222096,0.049098488,0.011284541,0.010144178,0.049360998,0.015934227,0.04792126,0.02763161,0.038262684
0.047035046,0.02599649,0.023387238,0.009155778,0.050519705,0.011263428,0.0102012865,0.04895425,0.016146509,0.04799078,0.027245833,0.038803916
0.04665215,0.026060266,0.023550313,0.009117978,0.051963344,0.01127593,0.010270299,0.048683252,0.016365701,0.048064277,0.026903994,0.039299555
0.046248008,0.026132943,0.023748517,0.009101037,0.053373702,0.011309711,0.010359534,0.04854169,0.016590828,0.048142757,0.026616046,0.039757676
0.045826714,0.02622884,0.023987321,0.009108922,0.054755773,0.011361088,0.01048444,0.0485131,0.016822966,0.04823099,0.026386708,0.040183656
0.04537296,0.026360791,0.024266312,0.009146473,0.05612013,0.011425925,0.010659273,0.048624124,0.017069422,0.04832777,0.026218576,0.040553074
0.04491901,0.026546393,0.024602866,0.009218864,0.057444617,0.011505474,0.0109039275,0.048887137,0.017330877,0.048448082,0.026122576,0.04087229
0.044435263,0.026774501,0.02500746,0.009322322,0.058767892,0.011590483,0.011227852,0.04927119,0.017618703,0.04858227,0.026095822,0.041191317
0.043971367,0.027069772,0.02544307,0.009462257,0.060082126,0.011694199,0.01161533,0.049813226,0.017908957,0.04873356,0.026121527,0.04138799
0.04352956,0.027403956,0.025903322,0.009626312,0.06135722,0.01180494,0.012051503,0.05041956,0.018202854,0.04890011,0.026182316,0.041519903
0.043127194,0.027757024,0.026381169,0.009799359,0.06256713,0.01191702,0.0125129875,0.051058244,0.018493775,0.049052414,0.026259243,0.041595314
0.04277267,0.02810601,0.026848381,0.009970025,0.06367687,0.012022815,0.012971571,0.051676866,0.018768894,0.04917873,0.026347663,0.041613933
0.04246564,0.028433233,0.02729815,0.010131057,0.06466839,0.012124829,0.013407954,0.052234817,0.019025462,0.049267035,0.026426611,0.04160577
0.042205565,0.028728459,0.027709136,0.0102740405,0.06553247,0.012209576,0.013806242,0.052722417,0.01925403,0.049315028,0.026499845,0.041565735
0.041984025,0.028991796,0.02807918,0.010396253,0.06626921,0.012287278,0.014159594,0.05315078,0.019456962,0.049332052,0.026549082,0.04151162
0.041798852,0.029218597,0.028414633,0.010499663,0.06688015,0.012350261,0.0144676175,0.053507283,0.019639134,0.04929992,0.026589237,0.041451167
0.041648112,0.02941556,0.028702533,0.010584008,0.067363985,0.0124050835,0.014734379,0.05380745,0.019801205,0.049247876,0.026622083,0.04138836
0.041502304,0.029576706,0.028952684,0.010652415,0.06777209,0.01245228,0.014962166,0.054066863,0.019941496,0.04916452,0.026633147,0.04132829
0.04137911,0.029716533,0.029172523,0.010704155,0.06808354,0.012489912,0.015159641,0.05428644,0.020071138,0.049064413,0.026643997,0.041278325
0.04126909,0.029824393,0.02935966,0.010743455,0.06832152,0.012523473,0.015328182,0.054479726,0.02018814,0.048954103,0.026646402,0.041239057
0.04117569,0.029909937,0.02953238,0.01077328,0.068491094,0.012541181,0.015480486,0.05464097,0.020297427,0.048842467,0.026650855,0.041234203
0.041072506,0.029972741,0.029677201,0.010798127,0.068645105,0.012553436,0.015611329,0.054774955,0.020402078,0.04873306,0.026645543,0.041231774
0.04098318,0.030019416,0.029804468,0.01081248,0.06873792,0.012565204,0.015724337,0.054888066,0.020497745,0.04861359,0.026641592,0.041236974
0.040888,0.030045668,0.02991969,0.010822373,0.068829834,0.012570712,0.015827697,0.05499601,0.020584526,0.04850911,0.026622977,0.041267235
0.04080623,0.03007512,0.029993245,0.010831989,0.068902686,0.012580671,0.015906325,0.05508426,0.020659078,0.048418876,0.026605187,0.041246153
0.04072052,0.030093096,0.03008957,0.010832383,0.06893252,0.012579487,0.015991205,0.055169843,0.020739395,0.048305623,0.02659857,0.04130398
0.040608123,0.030022942,0.030267097,0.010807167,0.0689795,0.012554883,0.016115073,0.055167653,0.020861162,0.04813745,0.026632544,0.041634824
0.040509194,0.030014126,0.030347807,0.010807513,0.06904415,0.012546581,0.016190358,0.055214033,0.020940427,0.048045352,0.026623137,0.041716713
0.040461272,0.03004275,0.030378643,0.010811047,0.069033444,0.012549097,0.016235001,0.055298556,0.02099056,0.047962867,0.026594223,0.041692264
0.040404752,0.030154,0.030335369,0.010851877,0.06918674,0.012598514,0.016235817,0.05542725,0.02098023,0.04796058,0.026521359,0.04138855
0.040366277,0.030176055,0.030343164,0.010853187,0.06914123,0.0126064755,0.016266646,0.055536795,0.021015542,0.0478653,0.02649192,0.041324813
0.040307358,0.030179244,0.030370161,0.010844325,0.06906832,0.012605194,0.016305935,0.05559351,0.02107054,0.047767077,0.026476378,0.041328136
0.040260766,0.030178733,0.030388864,0.010835107,0.06901626,0.012600851,0.016340274,0.055636056,0.021116102,0.047686953,0.026459564,0.041342292
0.040217083,0.030172408,0.030404562,0.010826621,0.068973966,0.012598014,0.016372556,0.055675294,0.02115696,0.04760981,0.026437605,0.041356985
0.040169574,0.030163582,0.030421102,0.010817004,0.068929836,0.01259549,0.016402949,0.055719007,0.021197544,0.04753532,0.02642033,0.041373674
0.04012228,0.03015665,0.030432072,0.0108078085,0.068889774,0.012591095,0.016430814,0.055761836,0.021238334,0.047470514,0.02640534,0.04139226
0.040078178,0.03015033,0.030443406,0.010796752,0.06885297,0.0125862,0.016454311,0.055794813,0.021271143,0.047416564,0.026386732,0.04140769
0.04003574,0.030142557,0.030453319,0.010786191,0.06881567,0.012582069,0.016477523,0.055820372,0.021303188,0.047355585,0.026370322,0.04142734
0.039989132,0.03012854,0.03045518,0.010776731,0.06879111,0.012578853,0.0164982,0.05584759,0.021332227,0.04730564,0.026350234,0.04144292
0.03994939,0.030122679,0.03046614,0.0107675595,0.068769425,0.012574347,0.016518692,0.055872437,0.021363547,0.047261234,0.026336277,0.04146271
0.039918307,0.03011752,0.03047225,0.010757792,0.06873154,0.012570143,0.016535163,0.055889916,0.021387901,0.047221806,0.02632146,0.041481085
0.04657586,0.03467149,0.040445007,0.014636031,0.07899263,0.023447564,0.023843927,0.05487904,0.026030505,0.05191643,0.036452983,0.050651636
0.052108105,0.035162974,0.04125603,0.013249334,0.07823343,0.026700675,0.022488516,0.05279526,0.024185792,0.04432548,0.035269685,0.044109892
0.050424162,0.032989882,0.042500135,0.014046778,0.07438424,0.028169965,0.024061287,0.054085676,0.023961585,0.04092447,0.034199663,0.042702544
0.049074885,0.03181444,0.044495717,0.013710005,0.0671989,0.0282457,0.023359751,0.059607174,0.024324406,0.042596977,0.041531555,0.040300578
0.04365779,0.031029327,0.041368887,0.013552189,0.06656464,0.028699115,0.021694519,0.066750444,0.02406593,0.04000291,0.045087498,0.034562517
0.04175678,0.02972495,0.038423616,0.015141347,0.06460771,0.030760128,0.021680938,0.0740375,0.02454711,0.03899248,0.04757724,0.031679675
0.04172962,0.03026387,0.037309673,0.018008893,0.060793903,0.03276735,0.022308107,0.07919897,0.025900315,0.039948147,0.04967067,0.030107751
0.042229496,0.03143272,0.037497018,0.0209425,0.059732985,0.034757335,0.023096988,0.07818844,0.027758086,0.04100962,0.04919563,0.029967489
0.042357888,0.032082975,0.03812983,0.023342023,0.058657087,0.03597083,0.023940386,0.07292524,0.0289407,0.041422732,0.047425203,0.03037896
0.041868396,0.032546174,0.038854823,0.025091667,0.056479372,0.03540253,0.024654867,0.06675963,0.029050058,0.041193873,0.045752626,0.030648876
0.04113343,0.032937977,0.03922779,0.026232265,0.054167,0.03384031,0.025048457,0.06195795,0.028672555,0.040228765,0.044565972,0.030493015
0.040183198,0.033125363,0.03889555,0.026956964,0.05205654,0.032267824,0.025124582,0.059684217,0.028178407,0.038700975,0.04390821,0.029873203
0.03900117,0.03316121,0.0380452,0.027547663,0.050282847,0.031131206,0.025069475,0.059526622,0.027867092,0.037139043,0.043700207,0.029186776
0.038063586,0.03325347,0.03721737,0.028374635,0.04910813,0.030583512,0.025087494,0.06024288,0.027992796,0.035963196,0.043769278,0.028835485
0.037575107,0.033400938,0.03663426,0.02972347,0.04867846,0.030518409,0.025192995,0.06096039,0.02852552,0.03510882,0.04396129,0.028807662
0.037329927,0.033501882,0.036346782,0.031312335,0.048627563,0.030623956,0.02534177,0.06098931,0.029228201,0.034494635,0.04412179,0.02892662
0.037176743,0.03356863,0.036283877,0.032512087,0.048355684,0.030661624,0.025494276,0.05987191,0.029820176,0.0341142,0.04410439,0.029019058
0.037048332,0.033605423,0.036194332,0.03319974,0.047693104,0.030536968,0.025570842,0.0579542,0.030189795,0.033747427,0.043879583,0.028969735
0.036882497,0.03358972,0.035973623,0.033537723,0.04672039,0.030215194,0.025543267,0.055893403,0.030386651,0.033270173,0.04362383,0.0287713
0.036661353,0.033532258,0.035592847,0.03367416,0.04556195,0.029783,0.025431203,0.054156613,0.030529821,0.03270406,0.04348178,0.028469553
0.036393564,0.033459697,0.035080332,0.033733826,0.044333316,0.029385965,0.025261406,0.052943997,0.030718867,0.032107018,0.043517955,0.028117849
0.06270829,0.010863103,0.015602803,0.037171874,0.035752706,0.026266541,0.012873851,0.07757395,0.021801835,0.023942182,0.021883916,0.008710654
0.057916984,0.011702795,0.022430772,0.029010428,0.03967763,0.028760267,0.013365934,0.07535205,0.018897979,0.030596675,0.022910027,0.011742387
0.060171943,0.012276565,0.023882437,0.0297061,0.039365217,0.028892437,0.012999574,0.07299022,0.020945048,0.031399045,0.027219193,0.011331359
0.062513016,0.01423975,0.024188768,0.03253566,0.04286718,0.029429635,0.011858595,0.07206986,0.02070808,0.032182846,0.030897457,0.010615411
0.06431021,0.015222317,0.02565616,0.032026645,0.04356856,0.03148086,0.011968556,0.069406524,0.019795764,0.033717766,0.032392677,0.010774673
0.06616802,0.015214371,0.026103929,0.031265546,0.04254016,0.032061674,0.011950858,0.06814495,0.018768605,0.034749024,0.033393726,0.010928273
0.06801938,0.01498986,0.026636727,0.030200101,0.04176719,0.03300658,0.011656811,0.06619138,0.017940467,0.0345707,0.033557937,0.011134271
0.06876358,0.014848758,0.027514623,0.029173728,0.041284572,0.033917017,0.011638516,0.06307899,0.017519575,0.034571484,0.033584125,0.01149537
0.06842844,0.014709977,0.028128348,0.028429711,0.040854078,0.034328848,0.011748818,0.06083896,0.01727057,0.03409394,0.033587363,0.011726599
0.06789778,0.014569675,0.028578695,0.027754523,0.04050755,0.03458878,0.011792048,0.05896917,0.017075399,0.033312924,0.03341605,0.011888256
0.067529045,0.014456016,0.02899551,0.027215103,0.040245537,0.0348394,0.011834363,0.056829095,0.017017521,0.03257037,0.033176564,0.01201974
0.06754445,0.014404205,0.0293504,0.026913289,0.0401151,0.03506476,0.01190422,0.054292414,0.017106976,0.03194626,0.032935236,0.012113007
0.06815344,0.014453637,0.029753366,0.026819902,0.040077027,0.035351183,0.01199815,0.050662804,0.01740282,0.031545937,0.03265083,0.012196339
0.069341704,0.014630243,0.030311896,0.026926124,0.0400623,0.03578574,0.012142314,0.045654476,0.017984653,0.031475697,0.032306314,0.012291612
0.0709318,0.014872421,0.030999132,0.02717856,0.03998946,0.036336303,0.012325288,0.040431723,0.018751295,0.031680264,0.031930603,0.012398747
0.07239851,0.01506427,0.03168035,0.02743468,0.039888207,0.03686531,0.01249447,0.036721904,0.019385373,0.031892434,0.031590592,0.012498442
0.07340799,0.015164753,0.03227297,0.027618468,0.039791223,0.0372869,0.0126265725,0.0347943,0.019725379,0.031958833,0.03131637,0.012576876
0.07404958,0.015209139,0.032806173,0.027744932,0.039724942,0.037626658,0.012742387,0.033939514,0.01984789,0.03189815,0.031078592,0.012640751
0.07450523,0.015219386,0.03331295,0.027826764,0.039646972,0.037907656,0.012839012,0.03355644,0.019845085,0.03176649,0.030844172,0.012694355
0.074797645,0.015209591,0.03378075,0.027894497,0.039547335,0.03813895,0.012925857,0.033392224,0.019786598,0.0316037,0.030608477,0.012738674
0.07500295,0.015176472,0.034216724,0.02793975,0.039419927,0.038327318,0.012987184,0.033319857,0.01969346,0.031421147,0.030367432,0.012774591
0.07514722,0.0151169505,0.03460626,0.02798816,0.039254416,0.03845242,0.013029212,0.033294287,0.019601231,0.031242931,0.030139785,0.01280769
0.07526486,0.015047108,0.0349649,0.028036479,0.039050367,0.03851007,0.013049009,0.03328389,0.019507699,0.031064508,0.029930916,0.012832928
0.07536437,0.014983075,0.035282463,0.028078219,0.03884593,0.038581986,0.013052018,0.033273343,0.019410003,0.03088762,0.029722907,0.0128457835
0.075418614,0.014918609,0.035554696,0.028121354,0.038635295,0.03864164,0.013033475,0.033239234,0.019320276,0.03071141,0.029521402,0.012847573
0.075416796,0.014835343,0.035795238,0.02816081,0.038383424,0.038640235,0.012997366,0.033183962,0.01924791,0.03054084,0.02933707,0.012845451
0.07546974,0.014769337,0.03599945,0.028203515,0.03820006,0.038696796,0.012984849,0.03315481,0.019171119,0.030391168,0.029149352,0.012847995
0.07560217,0.014699386,0.036181245,0.028277397,0.038030103,0.038758345,0.013005571,0.033171665,0.019115804,0.030266702,0.028979952,0.01286316
0.07566616,0.014620677,0.036342956,0.0283483,0.03781817,0.03874305,0.0129903685,0.03315288,0.019065358,0.030144917,0.028826034,0.012864487
0.075703986,0.014538988,0.036470737,0.028410066,0.037593655,0.038724273,0.012973354,0.033124596,0.019018548,0.030019507,0.028668743,0.012860491
0.07574353,0.014461424,0.036588687,0.028474836,0.037380125,0.038710993,0.012951829,0.033092234,0.018976374,0.029903274,0.028521834,0.012855091
0.07577697,0.0143853165,0.03668746,0.028539201,0.037184693,0.038698018,0.012932337,0.033060946,0.018936759,0.029793529,0.028377771,0.012847663
0.07588156,0.01425892,0.036794942,0.028585892,0.0369259,0.03856648,0.012918326,0.033043247,0.018884916,0.029696468,0.028224945,0.012853386
0.075941205,0.014146222,0.036873776,0.028640043,0.036717653,0.03846711,0.012916369,0.03301742,0.018830817,0.029593695,0.028072959,0.012852792
0.07593676,0.014066477,0.03693224,0.0287081,0.036509715,0.038428206,0.012891358,0.032979447,0.018798318,0.029486986,0.027938796,0.01283291
0.075906776,0.013994439,0.036979504,0.028784426,0.03631709,0.03839764,0.01286402,0.032933977,0.018778153,0.029387744,0.027815249,0.012806509
0.07583836,0.013924531,0.037015583,0.028863208,0.03611098,0.03835151,0.0128294015,0.0328842,0.018757649,0.02929194,0.027698727,0.012770491
0.075745836,0.013853365,0.03704353,0.02894512,0.03590736,0.03830034,0.012792501,0.032831833,0.018740067,0.029195214,0.02758108,0.012727909
0.07566372,0.013785002,0.037068993,0.02902129,0.03570631,0.038263086,0.012754065,0.032778922,0.018725473,0.029100021,0.027469285,0.012685496
0.07557641,0.013718983,0.037089914,0.029097749,0.035518758,0.038235188,0.012725781,0.03273271,0.018717414,0.029009692,0.027360458,0.012648229
0.07550398,0.01365699,0.037117742,0.029165285,0.035336267,0.038206756,0.012698007,0.032692574,0.018712573,0.028918285,0.027263941,0.012613375
0.07543219,0.013604195,0.037138224,0.029229956,0.03517647,0.03820749,0.012677359,0.032648254,0.018705929,0.028830659,0.027165294,0.012581034
0.07536836,0.013546204,0.037161984,0.029292159,0.035005223,0.03819251,0.012651338,0.032606844,0.018704781,0.028744634,0.027073158,0.012547626
0.07527773,0.013486147,0.037183974,0.029363878,0.0348134,0.03814584,0.012620842,0.032564566,0.018710544,0.028662981,0.026994016,0.012511066
0.07520839,0.013432215,0.03720214,0.02942467,0.03465306,0.038127176,0.0125997765,0.03252784,0.018710304,0.028581759,0.026910365,0.012479394
0.07513131,0.013369997,0.03722449,0.029496705,0.034465242,0.038060643,0.01257063,0.0324912,0.018717485,0.028508406,0.026839884,0.012443956
0.075035706,0.013308638,0.037248217,0.029574495,0.03426685,0.037977867,0.012543237,0.032464307,0.018735144,0.028432477,0.026779242,0.012407268
0.07496804,0.013263049,0.03726182,0.029628642,0.0341158,0.03795434,0.012519251,0.032430988,0.018736692,0.028358234,0.02670743,0.012374085
0.07488962,0.013228609,0.037271667,0.02966813,0.034010705,0.037990253,0.012502986,0.03238773,0.018735565,0.028292827,0.026634457,0.0123453755
0.07481916,0.013184979,0.037277255,0.02972647,0.0338778,0.037986074,0.012484573,0.032361258,0.018736124,0.028223792,0.0265656,0.012312338
0.07702052,0.019974591,0.04786264,0.031961136,0.0325683,0.04266169,0.017367907,0.036256235,0.02189224,0.031442013,0.03020948,0.018776352
0.06443286,0.01688344,0.044659983,0.037008956,0.035069663,0.044712268,0.017379329,0.03848662,0.021650253,0.027810695,0.03093956,0.01897217
0.062144037,0.018342843,0.042753935,0.03805093,0.037233256,0.04616534,0.020094864,0.04150879,0.024336075,0.028566867,0.03188501,0.018823825
0.056478027,0.019445548,0.043936014,0.03732532,0.035892576,0.047191832,0.020709932,0.040164236,0.028187633,0.029800402,0.03387055,0.018880535
0.060511105,0.020215398,0.042426914,0.0386769,0.035033293,0.047111075,0.020346858,0.037895538,0.031826228,0.03181152,0.034760024,0.019522585
0.06512797,0.022093613,0.03990058,0.04014157,0.03438029,0.046841383,0.020425534,0.035455238,0.03587703,0.034274247,0.035951313,0.020567868
0.07044621,0.025613267,0.03935499,0.041032374,0.03493581,0.046614915,0.020441918,0.03323819,0.04010568,0.0365153,0.038229723,0.023204882
0.07270371,0.028798953,0.039679866,0.04371588,0.037509765,0.04649371,0.0203517,0.032509785,0.04268622,0.037026554,0.040039945,0.025422068
0.06773143,0.031048458,0.039813902,0.045040168,0.03919086,0.045157008,0.020846855,0.032322545,0.042328138,0.036087327,0.041129254,0.026183812
0.0603087,0.032601148,0.039855722,0.0448324,0.039561275,0.042572,0.021835394,0.031924427,0.040886927,0.03449769,0.04177953,0.026545897
0.08187422,0.0105938995,0.018074183,0.041923054,0.028793868,0.035431795,0.011306257,0.02650831,0.030476661,0.030626373,0.018508581,0.00936135
0.07452324,0.013943026,0.028817724,0.03075505,0.034385193,0.033527173,0.012647514,0.029811487,0.022288717,0.034226377,0.022482306,0.012540957
0.0743705,0.013649098,0.029893069,0.031578947,0.032904718,0.030584,0.011777287,0.03112593,0.023682756,0.034569662,0.026654592,0.011816372
0.07784797,0.015030813,0.030445825,0.034528855,0.03468458,0.030529387,0.010519641,0.029736836,0.025420375,0.035279382,0.029690018,0.011205603
0.07841238,0.015776489,0.031683765,0.033411086,0.035920676,0.032864854,0.010852926,0.029398786,0.024778062,0.035277907,0.030226527,0.011266578
0.07978204,0.015456585,0.032038342,0.03287019,0.036994364,0.0332154,0.011364168,0.030029649,0.023756562,0.035366308,0.03053338,0.011321465
0.08272944,0.015407088,0.0327745,0.032170888,0.037879277,0.033904586,0.011519801,0.030837344,0.022894645,0.03464798,0.03081531,0.011488983
0.08225533,0.015501283,0.03376267,0.031463906,0.038017813,0.034682367,0.011744932,0.031455014,0.022315256,0.03441739,0.031389765,0.011731805
0.07992848,0.0153758265,0.0343459,0.030983483,0.03774378,0.034796342,0.011857086,0.03212024,0.021829737,0.033992104,0.031672217,0.011808022
0.07781931,0.01524333,0.03459476,0.030393451,0.037216954,0.03476269,0.011815246,0.032536466,0.0213327,0.033339053,0.031621102,0.011794771
0.07687909,0.01760594,0.02172598,0.015619773,0.010213208,0.06489411,0.0055235834,0.009722537,0.030239867,0.056992237,0.018055897,0.009127763
0.073042765,0.013063025,0.020822229,0.014460317,0.011654048,0.056083307,0.005753679,0.009811948,0.018917967,0.04441544,0.015372797,0.009617038
0.064275384,0.013893518,0.023632174,0.016493334,0.012036727,0.05392672,0.005500842,0.01096195,0.017035702,0.053281464,0.018499782,0.009904253
0.06363106,0.01344247,0.023227539,0.018494293,0.012888542,0.058258023,0.005596842,0.0118546,0.017701095,0.055529267,0.019060453,0.009592635
0.06769478,0.01247806,0.023677526,0.020264983,0.0153004825,0.06391994,0.0057102726,0.012993378,0.017213423,0.05506597,0.019505318,0.009500904
0.06915721,0.012640157,0.024679745,0.0224307,0.01634626,0.07033552,0.0060454905,0.01355516,0.016935702,0.05374188,0.020261789,0.009023668
0.06893792,0.0123262275,0.02487149,0.022953946,0.016516408,0.07387055,0.0061429697,0.01381521,0.016497301,0.052919887,0.020280307,0.00860778
0.06746519,0.011856221,0.024553727,0.023108862,0.016555289,0.07526186,0.0060159205,0.013925892,0.015837792,0.052411925,0.02013697,0.00821294
0.064723015,0.011498975,0.024068154,0.023289533,0.016021838,0.076494984,0.0059231464,0.014089177,0.015496247,0.052323356,0.02014569,0.0078593865
0.06260417,0.010939226,0.023203172,0.023062611,0.015031879,0.07754333,0.005792209,0.014271968,0.015101183,0.052835878,0.01988824,0.0074867224
0.061579652,0.010401651,0.022219906,0.022755843,0.014212107,0.07842545,0.005639734,0.014396159,0.014617848,0.05369117,0.019505851,0.007152412
0.060738437,0.010127749,0.021580027,0.02264914,0.013766422,0.07912479,0.0055585983,0.014404247,0.014291725,0.054486778,0.019279074,0.0069203083
0.059981104,0.010005831,0.021288479,0.022688054,0.013497958,0.07947295,0.005524662,0.014335622,0.01409925,0.054972976,0.019164966,0.0067858524
0.05932367,0.009949919,0.02114093,0.022828076,0.013276549,0.07956572,0.005501228,0.014257459,0.013971676,0.055220004,0.01912124,0.0067148553
0.05859125,0.009926952,0.021017194,0.02303117,0.013046405,0.079464965,0.0054923343,0.014227133,0.013921631,0.055377837,0.019163217,0.006697192
0.05753365,0.009881353,0.020792272,0.023269128,0.012764553,0.07915978,0.005502246,0.01431126,0.013981771,0.05545072,0.019310988,0.006743175
0.055795927,0.009770202,0.020326963,0.023548353,0.012399091,0.07859529,0.005547126,0.014611323,0.01423787,0.05543256,0.01963448,0.006887357
0.053737916,0.009635605,0.019700604,0.023892144,0.011985664,0.07794523,0.005631325,0.015078009,0.014716944,0.055422056,0.020166432,0.007111661
0.052371994,0.009585711,0.019206716,0.024254352,0.0115984,0.07755487,0.0057218336,0.015438338,0.015248606,0.05566361,0.020721728,0.007306101
0.051849604,0.009607301,0.01891967,0.024586897,0.011248225,0.077393256,0.00577257,0.015587802,0.015638268,0.056108437,0.021113083,0.0074323993
0.051769108,0.009652852,0.018750917,0.024862768,0.010945511,0.07720393,0.005783689,0.015599046,0.015849527,0.056591783,0.021348994,0.0075187506
0.051802337,0.009699564,0.018625341,0.025082687,0.010681042,0.076902814,0.005776849,0.015551523,0.015935559,0.057038154,0.021499984,0.007587607
0.05182773,0.0097443005,0.018512974,0.02527229,0.010451589,0.076535985,0.005764716,0.015486459,0.015957445,0.05748812,0.021615425,0.007646366
0.051825523,0.009788183,0.018407794,0.02545768,0.010249124,0.07618129,0.0057530385,0.015418715,0.015958898,0.057874966,0.0217179,0.0076964153
0.05184469,0.009834438,0.018316587,0.025646245,0.0100675225,0.07586016,0.005745235,0.015356853,0.015950408,0.058233105,0.021810405,0.0077423085
0.05183851,0.009881689,0.018231936,0.02584909,0.009901696,0.075582504,0.0057407944,0.01529876,0.015940987,0.058585767,0.02189416,0.0077799144
0.051837813,0.009931274,0.018150799,0.026077446,0.009745189,0.07533731,0.005741363,0.0152398525,0.015931185,0.058898296,0.021970335,0.00781347
0.051856734,0.009978143,0.018077744,0.026306624,0.009603663,0.0751562,0.0057436554,0.015184641,0.015924226,0.05921114,0.022038804,0.007840272
0.05186686,0.010031867,0.018015135,0.026544075,0.009473131,0.07500001,0.0057466542,0.015130394,0.01591353,0.05950591,0.022105582,0.007859261
0.051869467,0.010084516,0.0179542,0.026789216,0.009352602,0.07487577,0.005753344,0.015077244,0.015906632,0.05977813,0.022164278,0.007875384
0.05187631,0.010138194,0.017901367,0.027047403,0.009237506,0.074776456,0.0057597193,0.015021345,0.015899042,0.060022183,0.022220267,0.007886211
0.05189503,0.010192931,0.017851112,0.027301952,0.009131766,0.07473163,0.0057669296,0.014973676,0.01589332,0.060269333,0.022272298,0.007892877
0.05188072,0.010248534,0.017803106,0.027569247,0.009033938,0.074692145,0.005775017,0.014925582,0.015885022,0.060486414,0.022317288,0.007895226
0.051889542,0.010303073,0.01775949,0.027827919,0.008945379,0.0746765,0.005783582,0.014882562,0.015876116,0.06070369,0.022358058,0.007895446
0.051892318,0.010357061,0.01772552,0.028088655,0.008864029,0.07467472,0.005791144,0.014835307,0.015869949,0.060932044,0.022399807,0.007892661
0.051895957,0.010412333,0.017691113,0.028350411,0.008784526,0.07469987,0.005800186,0.014787429,0.015862549,0.06113638,0.022432022,0.007888114
0.051981166,0.010474011,0.017620098,0.028671836,0.00867521,0.07467356,0.005818098,0.014709168,0.015871245,0.06126052,0.022442231,0.007878843
0.051985454,0.010524805,0.017600596,0.028911987,0.0086031705,0.07467998,0.0058278968,0.014647604,0.015868846,0.061445527,0.02246977,0.007877527
0.05198672,0.0105735455,0.017587194,0.029137582,0.0085380105,0.0746975,0.005836258,0.014588226,0.015864246,0.061641086,0.022498403,0.007877765
0.05198489,0.010620526,0.017576389,0.029354503,0.008476927,0.07471962,0.0058439653,0.01453506,0.01586149,0.061815176,0.022525951,0.007876633
0.051982835,0.010666158,0.017568141,0.029568223,0.008417784,0.07474453,0.0058510476,0.0144824935,0.015857426,0.061977692,0.02255017,0.007874777
0.05198074,0.010710712,0.01756466,0.029765021,0.008365804,0.07477158,0.005857861,0.01443586,0.01585286,0.062143464,0.02257514,0.007872128
0.05196896,0.010756488,0.01755811,0.029960832,0.00831857,0.07481127,0.005864835,0.014389922,0.015845904,0.062296815,0.022595298,0.007870003
0.051952284,0.010800838,0.017555587,0.0301455,0.008273291,0.074863814,0.005871742,0.014348894,0.015843652,0.06244981,0.022620073,0.007866105
0.051947813,0.010841716,0.01755663,0.03032005,0.008231794,0.07491375,0.0058766934,0.014305898,0.015838908,0.06257489,0.022637373,0.007862124
0.05192884,0.010883457,0.017559147,0.030489316,0.008194457,0.07495409,0.005882044,0.01426997,0.0158361,0.06269225,0.022657296,0.00785955
0.051903803,0.01092478,0.017559476,0.03064478,0.008157206,0.07498569,0.0058877827,0.0142338695,0.015830325,0.06281666,0.022680106,0.007856019
0.051883254,0.010965264,0.017563796,0.03079511,0.008123625,0.07501117,0.005891806,0.014198552,0.01582711,0.06292332,0.022701198,0.007853162
0.05186019,0.01100858,0.017571399,0.030939331,0.008092628,0.07504198,0.005896019,0.014167537,0.015827058,0.063018814,0.022728318,0.0078520505
0.051836774,0.0110521605,0.017579174,0.031068426,0.008062872,0.075073294,0.005900982,0.014139652,0.015827985,0.06311326,0.022753127,0.007850468
0.05181288,0.011091223,0.01758162,0.031206675,0.008032043,0.07511526,0.005904888,0.01410903,0.015827466,0.06319511,0.022771372,0.007847394
0.05179506,0.011132712,0.017586207,0.0313457,0.008005043,0.075135306,0.0059090243,0.014081457,0.01582797,0.06326923,0.022791479,0.0078428285
0.051760703,0.011169454,0.01758853,0.031480033,0.007981226,0.07517494,0.005914163,0.0140550155,0.01583236,0.06335505,0.02280988,0.007837436
0.05719875,0.020949606,0.036258116,0.03684291,0.008469512,0.07909568,0.0058543966,0.0132294,0.0174819,0.04025977,0.03557042,0.007935129
0.05853182,0.018488549,0.026208954,0.053877983,0.006187156,0.08871457,0.006375416,0.015222801,0.015815876,0.039259892,0.033301685,0.007987205
0.072810225,0.021396376,0.023152785,0.06664629,0.0070743957,0.08813552,0.007441192,0.015510521,0.01684155,0.042140897,0.033336755,0.008599853
0.08002388,0.026953699,0.02723026,0.07595661,0.006604425,0.09503725,0.007310678,0.013786953,0.016176844,0.043053947,0.037613623,0.009806381
0.09117211,0.031647813,0.027053302,0.08634482,0.006866372,0.09361311,0.0070898663,0.013679251,0.017085094,0.042975552,0.039140854,0.011105343
0.10043896,0.036071856,0.026987897,0.09260977,0.007097534,0.09351696,0.0072963373,0.0141372075,0.018450772,0.043518614,0.040762365,0.011485037
0.10315466,0.040138025,0.029052041,0.09433215,0.0072631147,0.09268602,0.007400922,0.01434094,0.01972318,0.045319278,0.04410854,0.01202886
0.10460103,0.04171437,0.030203907,0.09551806,0.0074569117,0.08971955,0.0073000644,0.0147239305,0.020593643,0.0462556,0.046027046,0.012449952
0.104015045,0.042424127,0.030708913,0.09738907,0.007567269,0.08720636,0.007302245,0.015180164,0.021271368,0.046671525,0.047204003,0.012708438
0.10072042,0.043080617,0.0316714,0.09784242,0.0077180443,0.08567991,0.0073473593,0.015446154,0.021818684,0.046884406,0.048421565,0.012962538
0.09761738,0.04292948,0.032389466,0.09798924,0.007943099,0.08497385,0.0073288297,0.015688952,0.022155775,0.046940453,0.049039092,0.0131529905
0.09508998,0.042738903,0.032870114,0.0990004,0.008125293,0.084256545,0.007307826,0.015995909,0.022230962,0.047087964,0.049319748,0.013275061
0.093129896,0.042891074,0.03357545,0.09939919,0.008263664,0.08283588,0.0072348285,0.016252123,0.022076188,0.047426045,0.049553033,0.013371966
0.09204631,0.042783875,0.034070306,0.09868675,0.008404942,0.08141778,0.0070908195,0.016416185,0.021862248,0.047879353,0.049485404,0.013439548
0.09074729,0.04240841,0.034129653,0.09772325,0.008568269,0.08034725,0.0069640432,0.016588518,0.021776712,0.048416205,0.049251165,0.013504856
0.114570625,0.0133732995,0.022915112,0.07161963,0.018054148,0.06592398,0.007425982,0.021010097,0.019977473,0.045900885,0.029683163,0.0072324662
0.07654234,0.018019302,0.033042427,0.04869204,0.022051347,0.062522046,0.0068019177,0.021675516,0.022256127,0.05090213,0.03446793,0.009103777
0.07036526,0.014853709,0.027775764,0.05089654,0.019474627,0.060951475,0.0070203864,0.021940267,0.023608876,0.04958793,0.03468783,0.007979973
0.070513934,0.015957465,0.026492834,0.05594473,0.022795232,0.05994233,0.007100081,0.02076391,0.023329346,0.04565287,0.03765389,0.007139665
0.066383146,0.017994571,0.027911551,0.05536927,0.022832843,0.0625144,0.007691126,0.021286065,0.026047708,0.042468544,0.040147092,0.0068157353
0.06499034,0.017575178,0.027334018,0.053917892,0.022341039,0.06411903,0.007697392,0.021489723,0.02697617,0.04190356,0.039598163,0.006600243
0.06500812,0.017796077,0.027429236,0.0530486,0.022502445,0.06308873,0.007716368,0.022170356,0.026919248,0.04114875,0.039440073,0.0064573903
0.06300701,0.018295042,0.028068561,0.05115361,0.02221154,0.06007057,0.007816665,0.022712354,0.02735067,0.04023857,0.03958341,0.006340979
0.061354004,0.017694164,0.028615478,0.048933595,0.022127533,0.05496952,0.007697661,0.023156356,0.027251313,0.03910912,0.038563885,0.0063575916
0.06115829,0.016940972,0.028989248,0.04672741,0.022149608,0.048251517,0.0076614944,0.023631673,0.026796253,0.037658546,0.037504636,0.0064723147
0.061388545,0.016384924,0.029272236,0.044450544,0.022008052,0.0410813,0.0077364133,0.02410004,0.026421206,0.03598542,0.036865283,0.006647728
0.061573774,0.015728744,0.029303158,0.04222742,0.02167684,0.035666946,0.0077800206,0.024560185,0.0261068,0.034128606,0.036031775,0.006840379
0.061687212,0.01517016,0.029121196,0.040411085,0.021348903,0.03260585,0.007816914,0.02503183,0.025880106,0.032431245,0.0350833,0.0070018824
0.061559692,0.014808312,0.028974727,0.039092403,0.021166531,0.031079527,0.007869883,0.025492178,0.025791634,0.031071924,0.03421748,0.0071277935
0.061271783,0.014514645,0.028949609,0.038097627,0.021157242,0.030383835,0.007925064,0.02593611,0.025752136,0.03002201,0.03337342,0.007248692
0.061035145,0.014293801,0.029033164,0.037364844,0.02130962,0.030170854,0.008013377,0.026381105,0.025726313,0.029242095,0.032593895,0.0073827086
0.060823355,0.014201783,0.02927781,0.036873084,0.021675073,0.030227134,0.008175176,0.026811125,0.025745785,0.028692158,0.031943902,0.007549828
0.06051693,0.014277591,0.029827705,0.03662423,0.022491299,0.030476999,0.008473464,0.027165355,0.025840813,0.028389249,0.031419504,0.007812721
0.06019109,0.014542377,0.030740928,0.036589373,0.023841232,0.030885126,0.0089413,0.027442481,0.026032759,0.028315727,0.031059347,0.008208354
0.059975863,0.014785032,0.031602982,0.036629777,0.025006894,0.031267587,0.009405669,0.027806384,0.026250003,0.028249817,0.030862989,0.008600596
0.059854124,0.014848073,0.03210563,0.036568075,0.025665032,0.03154245,0.009738187,0.028248286,0.026362902,0.028067218,0.030657915,0.008893696
0.059784546,0.014802311,0.0323476,0.036327463,0.02604425,0.031759847,0.009971386,0.028662862,0.026374647,0.02780833,0.030409666,0.009107313
0.05971525,0.014704773,0.03247252,0.036000874,0.026302151,0.03197497,0.010142114,0.029008575,0.026339632,0.027528113,0.030142287,0.009269997
0.052144285,0.03342572,0.046552543,0.03318337,0.017740138,0.0402171,0.017827911,0.02376577,0.031554464,0.018260757,0.06253715,0.0057688
0.059496954,0.01880182,0.038619284,0.03767271,0.015294622,0.043752927,0.009537478,0.02589296,0.028955985,0.017273476,0.06812536,0.0055110874
0.06906493,0.018446613,0.038205992,0.039521717,0.012509358,0.044820968,0.010830742,0.02928469,0.030031972,0.020136284,0.07293391,0.0054384754
0.06347801,0.016793849,0.03819321,0.0397339,0.010066163,0.04504272,0.011472333,0.029098941,0.034288596,0.017561436,0.07398613,0.004579349
0.060164567,0.016145024,0.037480664,0.04549183,0.010153984,0.04926871,0.01033237,0.031417556,0.039199136,0.016386984,0.06983071,0.0043068
0.05792812,0.016717115,0.038140487,0.04973261,0.010271617,0.054340027,0.010871555,0.03275,0.04109207,0.016565742,0.0670353,0.003947613
0.053267796,0.017979365,0.0383533,0.05240685,0.0102918325,0.05591312,0.010735634,0.031848423,0.042709,0.015329225,0.066000625,0.003629228
0.049461037,0.019161878,0.039773855,0.05429983,0.0106897075,0.055747125,0.010477996,0.031928726,0.04308782,0.014489736,0.0638777,0.0035473576
0.047374636,0.019870682,0.04160804,0.055176064,0.010750674,0.05398174,0.010644082,0.032100096,0.042300295,0.0139689,0.063078396,0.0035504622
0.045729578,0.02041049,0.042492166,0.055150494,0.010540339,0.050765242,0.010595948,0.03179239,0.041368105,0.013320558,0.063019864,0.0035596865
0.04396945,0.020767055,0.04339329,0.05409805,0.010252773,0.047095142,0.010535348,0.031535782,0.040073894,0.013037143,0.061838843,0.0036158208
0.04209234,0.020852905,0.043906897,0.053022116,0.009945832,0.04421755,0.010579598,0.031031406,0.038660087,0.012833797,0.06033317,0.0036316446
0.04044649,0.021049552,0.043390468,0.052760802,0.00969927,0.042132158,0.01065321,0.030479528,0.03757959,0.012418183,0.059596777,0.0035867128
0.03908235,0.021494333,0.042482983,0.053094048,0.009525418,0.040463585,0.010796661,0.030103156,0.03672424,0.012006678,0.059358362,0.003544027
0.037918873,0.022016475,0.04179256,0.053494107,0.009387108,0.039176714,0.011006826,0.02976563,0.0359676,0.011682963,0.059456628,0.0035231067
0.03688376,0.02256471,0.04144846,0.053660836,0.009244352,0.03818752,0.011236865,0.029296497,0.03526159,0.011441232,0.059949636,0.0035272392
0.035948098,0.023161981,0.041530836,0.05361165,0.009104053,0.037440654,0.0115471985,0.028449772,0.034608696,0.011299404,0.06073116,0.0035617186
0.05853716,0.0148013495,0.024091383,0.056154434,0.009972279,0.03458261,0.009447367,0.03210522,0.02030101,0.016480662,0.04775297,0.004146769
0.050716292,0.016076868,0.034945194,0.0458775,0.015918257,0.032212276,0.010626687,0.03433305,0.026153063,0.01895456,0.045194566,0.005096193
0.04602086,0.015234872,0.031255618,0.045003276,0.016822241,0.03161071,0.008968605,0.031076428,0.026678206,0.018550996,0.044482186,0.004228197
0.050948594,0.016425528,0.030079314,0.044330698,0.021232031,0.033921532,0.007997397,0.030145021,0.024585474,0.021120284,0.042126067,0.0045212773
0.051050916,0.01626959,0.031615395,0.042640317,0.02386648,0.033939853,0.008934247,0.030904373,0.02545716,0.023072427,0.045112375,0.0047925827
0.051181164,0.015805325,0.032475915,0.0411688,0.025569698,0.032601465,0.008923825,0.031714518,0.02490333,0.02446605,0.046118647,0.004981445
0.05356443,0.01547391,0.032799322,0.039121207,0.026249396,0.033458818,0.008840479,0.032201286,0.023890153,0.025837762,0.0441921,0.0054230248
0.053541,0.015088486,0.03265058,0.037643995,0.02627197,0.033489577,0.0091533605,0.032830544,0.023287363,0.026772108,0.043400448,0.005730255
0.05328576,0.014769744,0.03236634,0.036218166,0.02616213,0.033219364,0.0092577385,0.03345425,0.022719944,0.027244348,0.04264903,0.0059607183
0.053848322,0.014423499,0.03191267,0.035021726,0.025888769,0.033419624,0.009277922,0.033862986,0.022210294,0.027460158,0.04137907,0.0062103616
0.05407279,0.014072682,0.031445872,0.0341106,0.025665877,0.03358166,0.009374323,0.034343276,0.021815823,0.027522359,0.04046972,0.0064181946
0.046367947,0.035856094,0.04764935,0.032409366,0.018099738,0.037156157,0.01571766,0.028302617,0.023529805,0.018794598,0.0659799,0.0044158995
0.051659618,0.018536286,0.03727149,0.03824698,0.016150622,0.043342967,0.008777765,0.03157238,0.02175986,0.01771672,0.062543504,0.004330725
0.05701055,0.01748467,0.035957012,0.04141532,0.014166111,0.0442787,0.010399418,0.034798525,0.022376832,0.021202616,0.063465014,0.0042991634
0.04885502,0.01695874,0.035062008,0.04195863,0.012140815,0.043447766,0.011392168,0.03439862,0.025430258,0.018580094,0.06353779,0.0036217251
0.045726642,0.017122312,0.034144673,0.047797732,0.012446084,0.048816536,0.010352947,0.03821576,0.02974328,0.016961386,0.05840823,0.0034205918
0.044601794,0.018021302,0.034691103,0.052091952,0.012470658,0.053920604,0.010840172,0.040426888,0.03167249,0.017018102,0.055935904,0.003178639
0.04265575,0.019723691,0.034520514,0.054463003,0.012223506,0.054470025,0.01069944,0.04014609,0.03334617,0.015727364,0.056483537,0.0029602519
0.042209648,0.021012373,0.035356544,0.05541605,0.0123213455,0.05363626,0.010453685,0.04051023,0.03409803,0.015007853,0.05574819,0.0029280835
0.04242278,0.021612177,0.036869094,0.055570178,0.012129782,0.051896296,0.010637119,0.040448017,0.033545498,0.014807213,0.0558052,0.002985276
0.042481422,0.022300255,0.038078446,0.055660453,0.011849624,0.049587607,0.0106834825,0.03975038,0.03276452,0.014444533,0.05677848,0.003057747
0.042680025,0.022839278,0.039496183,0.05593487,0.011626905,0.04776903,0.0107254945,0.03912456,0.031950966,0.01415427,0.05726828,0.0031668432
0.04273466,0.023192024,0.041034374,0.05617799,0.011403541,0.046508256,0.010899171,0.038318083,0.031081833,0.013951814,0.05756767,0.0032804173
0.04250738,0.023648875,0.042343535,0.05636578,0.01119862,0.045558162,0.011096083,0.03733013,0.03028966,0.013672773,0.05806507,0.0033921374
0.042081114,0.024198623,0.043518674,0.056553293,0.011040955,0.044875506,0.011336856,0.036309425,0.029568199,0.013362395,0.058548734,0.0035142358
0.041450325,0.024798373,0.044654895,0.05662376,0.010911994,0.044345174,0.011652874,0.035138622,0.028841564,0.013056521,0.05907278,0.003649068
0.040697467,0.025457203,0.04565324,0.05659123,0.010791865,0.0438602,0.012005506,0.033865154,0.028134767,0.01273871,0.05969474,0.003794427
0.04004405,0.026117114,0.04652454,0.05646785,0.0106622195,0.043423105,0.012371194,0.032596692,0.02751472,0.012440938,0.060239322,0.0039427336
0.039579093,0.026714884,0.047262747,0.056251936,0.010516967,0.04305124,0.012748477,0.03137383,0.027002178,0.012191858,0.060641404,0.0040834635
0.03926278,0.027271548,0.047851015,0.055994138,0.010371984,0.042775955,0.013116634,0.030204047,0.0265732,0.01199229,0.060906116,0.004210531
0.039035957,0.027769484,0.048311904,0.05573327,0.010239822,0.042635616,0.013470455,0.029107738,0.026225055,0.011841475,0.061044853,0.0043228692
0.03884197,0.02821378,0.048672363,0.055464163,0.010124823,0.042610116,0.013813846,0.028075172,0.02592468,0.011732264,0.06108356,0.00442195
0.03865831,0.028625498,0.048923656,0.055203527,0.010026158,0.04267626,0.014151835,0.027099209,0.025664447,0.011654493,0.061043076,0.004509829
0.038470965,0.029004114,0.049105056,0.05493401,0.009945462,0.04281215,0.014486653,0.02618722,0.0254343,0.011597028,0.06096942,0.004589374
0.038280006,0.029353334,0.04919211,0.05465392,0.009878736,0.042994406,0.014815639,0.025328502,0.025229517,0.011559418,0.060852956,0.004661619
0.03807394,0.029682826,0.04920662,0.05437928,0.009823713,0.043199804,0.015140501,0.024517274,0.025042197,0.011529302,0.060716745,0.0047283084
0.037850685,0.029999346,0.049146026,0.05410483,0.009780463,0.04342551,0.0154605415,0.023754759,0.024876324,0.011500763,0.060554612,0.0047904565
0.03762502,0.03029852,0.04902011,0.053841442,0.009745147,0.043667957,0.015769826,0.0230374,0.024731096,0.011474215,0.060372435,0.004849184
0.03738687,0.030591464,0.04883055,0.053594552,0.009717411,0.04389523,0.016077442,0.02237426,0.024599714,0.0114451535,0.060195237,0.0049050637
0.037294276,0.019284872,0.03071691,0.047568813,0.0052362923,0.04389004,0.017601999,0.016840113,0.03872718,0.0026099503,0.04706668,0.01501252
0.037895486,0.029271252,0.038387876,0.04417631,0.005040844,0.04169859,0.016272284,0.019088885,0.029452559,0.0035829877,0.054263044,0.016058566
0.041387502,0.022998082,0.047158074,0.039817978,0.0058125835,0.039325792,0.01908836,0.02204816,0.033779938,0.0034690253,0.057353757,0.018021464
0.048042446,0.034921553,0.03613624,0.045595363,0.008152573,0.03955431,0.016408127,0.026163368,0.02768327,0.005414536,0.062784076,0.031644087
0.04745553,0.032712266,0.034479715,0.052159574,0.0072365655,0.05220931,0.018426681,0.027184008,0.030250821,0.005235987,0.0678737,0.021639908
0.049703676,0.035664476,0.03175734,0.05644272,0.006548342,0.057949737,0.019069871,0.030335607,0.03704801,0.0055258204,0.06363395,0.019820804
0.056710083,0.039274562,0.031563427,0.06084573,0.0073145437,0.05939161,0.020077398,0.030496372,0.033383515,0.0067197774,0.058673956,0.02567197
0.05852273,0.040172692,0.030795405,0.064302675,0.007941866,0.06184999,0.019989993,0.029811347,0.037258726,0.0065762913,0.061583467,0.022518609
0.05838618,0.04392883,0.029928917,0.06639488,0.008521059,0.060988583,0.020276038,0.030032136,0.043679792,0.0065482263,0.05764738,0.022308795
0.058200568,0.04539381,0.028783536,0.066465266,0.00974183,0.057839602,0.020521179,0.027967948,0.0463968,0.0069877696,0.050489556,0.024444856
0.05795928,0.044612393,0.027086513,0.06620759,0.010594234,0.054487098,0.019863103,0.025590718,0.04795117,0.006944351,0.047361042,0.023395479
0.058310848,0.0443479,0.025357367,0.065438494,0.010784109,0.05070586,0.01929522,0.024174562,0.050235417,0.006812753,0.04554994,0.022428362
0.058340944,0.04457903,0.02392545,0.06475992,0.011105359,0.04734889,0.018960137,0.022830902,0.05233664,0.0068044183,0.043657094,0.022366166
0.058119643,0.044936296,0.022779563,0.06453001,0.011291507,0.045481186,0.018553037,0.022018343,0.054696374,0.006709345,0.042549964,0.02207671
0.058091532,0.045783572,0.022067737,0.06458617,0.011375504,0.044768512,0.018401312,0.021908278,0.057740346,0.0066164583,0.04214453,0.021988349
0.05781056,0.047073577,0.0214976,0.06520775,0.0116182985,0.04489233,0.01842365,0.021891017,0.061018128,0.0065282923,0.041684482,0.022236621
0.057238586,0.048620988,0.020825876,0.067125276,0.012076502,0.046109125,0.01836812,0.021802869,0.06425904,0.006343194,0.04096447,0.02241961
0.056807604,0.050045084,0.020508038,0.06908847,0.012642973,0.047114022,0.018315053,0.021890428,0.066982925,0.0062488946,0.040554598,0.022571947
0.056389254,0.051169783,0.020423688,0.07024861,0.013286616,0.047588166,0.01828885,0.021965494,0.06948735,0.006236922,0.04017053,0.022713099
0.05593764,0.05217657,0.020352837,0.071092345,0.014016677,0.047816213,0.018285498,0.021927916,0.072017774,0.006244768,0.039589323,0.022792503
0.055611663,0.053230915,0.020325825,0.07189801,0.014793175,0.04794445,0.01836828,0.02192362,0.07478576,0.0062925103,0.038996212,0.02290692
0.0555255,0.05427665,0.020398417,0.07274612,0.01562861,0.048136577,0.018585285,0.022048073,0.07783594,0.006395614,0.038526434,0.023134653
0.055598527,0.055069853,0.020544775,0.07377052,0.01653603,0.048408933,0.01888724,0.022278806,0.08088561,0.0065342514,0.038157452,0.02342405
0.032408472,0.025554063,0.02341887,0.055314504,0.01856473,0.030734656,0.007304735,0.0359011,0.032365896,0.0053543244,0.04161769,0.021626053
0.040959403,0.025480129,0.027984483,0.055607133,0.021440595,0.03344824,0.007913938,0.0505898,0.02726789,0.0077698855,0.04340261,0.020307962
0.037720174,0.024233807,0.025787458,0.056173272,0.021476727,0.031366553,0.0069417404,0.05203641,0.027660877,0.008791882,0.04266896,0.019547723
0.0347678,0.022335373,0.026441684,0.05384423,0.02075063,0.02883455,0.0061265253,0.051202375,0.025133982,0.009841596,0.044123713,0.018332135
0.034482222,0.020016393,0.025635254,0.05463159,0.021037705,0.03104137,0.006187783,0.054951128,0.024042407,0.010908464,0.04397569,0.017797511
0.032371283,0.018294754,0.024701681,0.05623161,0.020720398,0.031657267,0.006245928,0.057039764,0.023742117,0.011702369,0.044438165,0.0169242
0.031065244,0.017936578,0.024440946,0.057500176,0.020759145,0.031063095,0.006274949,0.05961219,0.02328501,0.0124518275,0.04461083,0.016330214
0.03056802,0.017748041,0.024425847,0.058010995,0.020809604,0.030630447,0.0063059186,0.061237738,0.022371171,0.013285528,0.044325992,0.016143585
0.030318279,0.017933084,0.024797767,0.057838146,0.021142263,0.029696397,0.0062707076,0.06141667,0.021749469,0.014231514,0.0448838,0.01613481
0.03056312,0.018367691,0.025580732,0.057600096,0.02176397,0.028809752,0.006238329,0.061552912,0.021265723,0.015243259,0.045597795,0.0165991
0.031182954,0.01901511,0.026754137,0.05505079,0.022181885,0.027660888,0.0062977127,0.06188444,0.020560287,0.016780825,0.04610685,0.017497864
0.031798616,0.019773537,0.027869998,0.051885482,0.02234181,0.026272252,0.006321909,0.062421724,0.01971374,0.018171435,0.04647693,0.01867866
0.032633107,0.02058333,0.028905125,0.04953727,0.022515398,0.024900094,0.0063114846,0.06278341,0.018840553,0.019084493,0.04655466,0.020198097
0.03394534,0.021450909,0.03008344,0.047400553,0.022721501,0.023600932,0.0063412795,0.0628386,0.017968692,0.019979727,0.046743218,0.021987604
0.035697874,0.022414966,0.031347226,0.045480777,0.022965703,0.022423383,0.006388036,0.06271034,0.017188957,0.020878796,0.04740071,0.02379924
0.037866753,0.023502443,0.032651868,0.043893218,0.023256434,0.0214602,0.0064460775,0.062414266,0.016522536,0.021775575,0.048426002,0.025535105
0.04022939,0.024661519,0.03400401,0.042540573,0.023561707,0.020729601,0.0065324595,0.061987333,0.015947953,0.022726735,0.04956616,0.027152134
0.042460743,0.025780676,0.03526925,0.04146372,0.023847228,0.020179242,0.0066126008,0.061623495,0.015460832,0.023655562,0.05066277,0.028518047
0.044387307,0.026780311,0.036409132,0.040673226,0.02411716,0.019779228,0.006667447,0.061378777,0.015058865,0.024503706,0.05155408,0.02961177
0.04598594,0.027628804,0.037439402,0.04007746,0.024371896,0.01951605,0.0067054196,0.06118754,0.014716066,0.025291963,0.05216618,0.03047297
0.04725484,0.028326401,0.038330603,0.039634775,0.024599949,0.019344086,0.0067276713,0.061007973,0.0144247115,0.02599981,0.052558478,0.0311191
0.04826258,0.028899511,0.039091796,0.0393211,0.02480772,0.019244418,0.0067371163,0.060817294,0.0141771035,0.026624022,0.052776236,0.03159054
0.04905952,0.029358499,0.039737068,0.039054133,0.024997206,0.019191189,0.006739421,0.060608547,0.013968039,0.02716162,0.052853905,0.03191992
0.04969828,0.029715737,0.0402764,0.03882274,0.02515589,0.019169604,0.006738696,0.06043564,0.013793431,0.027628964,0.052856795,0.032152377
0.050206088,0.029978402,0.04071254,0.03861272,0.02529446,0.019175146,0.006737889,0.0603175,0.013649508,0.02801892,0.052809667,0.032299038
0.050618216,0.030159762,0.041057535,0.038423017,0.025430039,0.019202882,0.0067378664,0.060237467,0.0135333575,0.028338473,0.052723687,0.032371253
0.050937176,0.030296976,0.041328773,0.038234074,0.025533749,0.019234966,0.006739465,0.060198348,0.013438934,0.028610157,0.052622065,0.03242603
0.051197536,0.030396862,0.041543826,0.03805346,0.025629163,0.019273842,0.006743261,0.060185764,0.01336545,0.028837357,0.05251144,0.032463383
0.05140822,0.030469807,0.04170354,0.03787998,0.025714673,0.019313274,0.006747788,0.060205262,0.013305083,0.02902599,0.052405808,0.032487873
0.051581826,0.030521948,0.041834123,0.037722588,0.025788307,0.01935421,0.0067549,0.060233273,0.013258538,0.029190207,0.052304827,0.03251706
0.051726773,0.030561177,0.04192333,0.037573244,0.025851555,0.019394362,0.006761804,0.060280636,0.013219612,0.029327963,0.052220166,0.032537162
0.05184705,0.030589953,0.041995298,0.037442632,0.025908407,0.019434685,0.0067697256,0.060330886,0.013188826,0.029451735,0.052142497,0.03255409
0.051938064,0.030603778,0.04205041,0.037325695,0.025947394,0.019470895,0.0067771426,0.060386565,0.013164427,0.029555986,0.052075285,0.032573424
0.05202429,0.030616846,0.042093072,0.03721223,0.025984142,0.019503644,0.0067844833,0.060446676,0.013144663,0.029653242,0.052019488,0.03259738
0.05210853,0.030627165,0.04212982,0.037115213,0.026010845,0.019536229,0.0067899674,0.060501035,0.013129067,0.029738067,0.051979795,0.03262255
0.052163895,0.030635072,0.042154104,0.03702681,0.026035601,0.019563274,0.006796444,0.06055188,0.0131151965,0.029813308,0.05194507,0.0326437
0.052223317,0.030641846,0.04218326,0.036949012,0.026057296,0.019592302,0.006802916,0.060598776,0.013105098,0.02988429,0.05191981,0.0326689
0.05227549,0.0306499,0.04220116,0.036880676,0.026069257,0.019614339,0.0068061356,0.06063979,0.013096429,0.029946402,0.05190579,0.032689337
0.052324142,0.030657977,0.04222392,0.036823675,0.026082376,0.019634238,0.0068113524,0.060682815,0.01308975,0.030006355,0.051896963,0.032717
0.05236912,0.03066521,0.042244673,0.036772523,0.026094522,0.019655481,0.006815005,0.060718518,0.01308502,0.030058093,0.051895335,0.032742105
0.0524091,0.030675964,0.042266164,0.036728535,0.026102299,0.019671388,0.006817111,0.060749903,0.013081732,0.030106405,0.05190235,0.03276519
0.05245388,0.03068599,0.04228451,0.036691733,0.026107503,0.019686842,0.006819629,0.06078686,0.013078784,0.030153682,0.051910624,0.03279492
0.05249182,0.030697474,0.04230517,0.03666022,0.026109807,0.01969676,0.0068206815,0.06081138,0.013075178,0.030195588,0.051926218,0.03281884
0.05252329,0.030705022,0.042327385,0.036634192,0.026113734,0.019707255,0.0068217325,0.060825605,0.013074087,0.030233035,0.05194147,0.03283994
0.0525519,0.03071028,0.042346932,0.036609363,0.02611382,0.019716898,0.0068216706,0.060839497,0.013072206,0.030265361,0.051959492,0.03285815
0.052581158,0.030711608,0.04237072,0.03659331,0.026107844,0.019725913,0.0068224487,0.06086403,0.013072353,0.030304207,0.051986855,0.032871798
0.052593112,0.030690495,0.042393975,0.036588043,0.02609449,0.019738475,0.0068221483,0.06089259,0.013071701,0.030332357,0.052018903,0.03286127
0.05261989,0.030687172,0.042420242,0.036580514,0.026081868,0.019743647,0.006821173,0.06090522,0.013071954,0.030363886,0.052051697,0.032876678
0.05265399,0.030713346,0.0424358,0.03656301,0.02607795,0.019739581,0.006819228,0.060903497,0.013071136,0.030389097,0.052081063,0.032909106
0.05268589,0.030728525,0.04246295,0.03655272,0.026073663,0.019738024,0.0068183923,0.06091367,0.013071301,0.030418918,0.052116126,0.032940917
0.052715108,0.030738184,0.042485014,0.036550447,0.026064739,0.019736594,0.0068164384,0.060920537,0.013072717,0.030442582,0.05215864,0.032965817
0.05274027,0.03074853,0.042512953,0.036543403,0.02605429,0.019735238,0.006814095,0.060919464,0.0130742295,0.03046878,0.052199528,0.032987773
0.052765273,0.030756524,0.042537805,0.036539968,0.026042696,0.019731825,0.0068118596,0.060921926,0.013076155,0.030492509,0.052240953,0.033008803
0.059517454,0.021539887,0.051676992,0.0401189,0.03334274,0.026789451,0.010198623,0.072026536,0.01808784,0.031750433,0.04109585,0.038404938
0.05923276,0.017748972,0.055132207,0.035201054,0.029617812,0.028211601,0.0101232845,0.058749165,0.01920268,0.032890514,0.034590796,0.030773785
0.05655779,0.017850319,0.052640934,0.039143186,0.027745776,0.027909951,0.00974731,0.059309095,0.018058712,0.032524135,0.036117982,0.026991948
0.044799734,0.018424874,0.052699506,0.04393816,0.02884185,0.028373603,0.010351148,0.06290118,0.019687954,0.031184832,0.038899314,0.024465026
0.038885333,0.019653844,0.05110797,0.04553249,0.033479687,0.03114552,0.011452104,0.07419607,0.022810133,0.030888896,0.04128939,0.024897479
0.037090026,0.02137308,0.04977987,0.047177866,0.038818568,0.035038035,0.013204736,0.085763454,0.026174748,0.031693663,0.042862702,0.027051425
0.03642101,0.023013346,0.049684998,0.049735144,0.04266504,0.03826569,0.014544585,0.08799406,0.029376853,0.03243049,0.04404633,0.028422039
0.036707897,0.024027837,0.050807394,0.05106199,0.045177367,0.040298,0.015911378,0.080943674,0.03148336,0.033123143,0.044604976,0.02952369
0.037736785,0.024879009,0.052459873,0.05066542,0.045544364,0.040590845,0.017383588,0.070811756,0.03212051,0.033888828,0.04449311,0.03035432
0.038313393,0.025805915,0.054007076,0.04978846,0.044545043,0.03913098,0.018398892,0.06379111,0.032185424,0.034052774,0.044529043,0.030603763
0.037945822,0.026509965,0.054308426,0.048677497,0.043260433,0.037266474,0.0188181,0.060537353,0.03220825,0.03336851,0.044351745,0.030219652
0.036860716,0.0268732,0.05337257,0.047641974,0.042533435,0.035945598,0.019005671,0.0597074,0.032487035,0.032398954,0.044027124,0.029808633
0.035503093,0.02706934,0.051654235,0.047044482,0.042450786,0.03526447,0.019147415,0.060407788,0.033133864,0.031526033,0.04395157,0.029761545
0.034633104,0.02737019,0.050045017,0.047160856,0.04293624,0.035236012,0.019366356,0.061464902,0.034053065,0.030953242,0.04423488,0.030164214
0.034407932,0.027867142,0.04905367,0.04776498,0.043615665,0.035542436,0.019693064,0.06165571,0.034970947,0.030678991,0.044611447,0.030728813
0.034508396,0.028450245,0.048521888,0.04835556,0.04403538,0.035739433,0.020051634,0.060590077,0.035611305,0.030524097,0.044798624,0.031127196
0.03465552,0.029022504,0.048147477,0.04860389,0.04402068,0.035536405,0.020387964,0.058598705,0.03588345,0.0303323,0.044755075,0.031292327
0.034690384,0.029526852,0.047716044,0.04853054,0.0435841,0.034890413,0.020672148,0.056345653,0.035907783,0.030005192,0.044664416,0.031263623
0.034517348,0.029906524,0.047052216,0.048278976,0.042839125,0.033990804,0.02085663,0.05444318,0.03587431,0.029513907,0.044656664,0.031081311
0.034136575,0.030151546,0.046113227,0.047986686,0.04198659,0.033110708,0.020938717,0.0531959,0.035935804,0.028928345,0.044767555,0.03081008
0.033659887,0.03031845,0.04503506,0.047771696,0.04118705,0.03242707,0.020961428,0.05253799,0.03615085,0.028361274,0.045003206,0.03052785
0.033243116,0.030489631,0.044034887,0.047715355,0.040505476,0.03201294,0.020986082,0.052227516,0.03650176,0.027913503,0.04534737,0.030301565
0.03297601,0.030731324,0.043240134,0.04780653,0.039952956,0.03181112,0.021034896,0.051990133,0.0369136,0.027606906,0.04571207,0.030144589
0.032849036,0.03103717,0.04265632,0.04796386,0.03947894,0.031722683,0.021110622,0.051609647,0.03730574,0.027411813,0.046025746,0.030022433
0.032814067,0.031367045,0.042253792,0.04805146,0.038984504,0.031664323,0.021191606,0.051039565,0.03757904,0.027289346,0.04624807,0.029879918
0.032813832,0.03168516,0.041927267,0.048028953,0.03846807,0.03155555,0.021267455,0.050349087,0.037742645,0.027204266,0.04638142,0.029728498
0.03281866,0.031977426,0.041612536,0.047923498,0.03795279,0.031395398,0.021334656,0.049645357,0.037838843,0.027133022,0.046453655,0.029583706
0.032810904,0.03223271,0.041273165,0.047768883,0.037456285,0.031209875,0.021391481,0.049042184,0.037920475,0.027074449,0.046502575,0.029454181
0.03281002,0.03247077,0.040906724,0.047626525,0.037028547,0.031047061,0.021457981,0.048594307,0.0380486,0.027046569,0.046539996,0.029354416
0.03327607,0.033070643,0.040407065,0.027806249,0.008212908,0.061188776,0.0049056318,0.029259602,0.03666299,0.029029964,0.035344422,0.014576412
0.045745354,0.02973501,0.047539484,0.033316072,0.013385568,0.06309293,0.0071130646,0.028812358,0.029005028,0.042143997,0.03779936,0.016275406
0.04827799,0.031847343,0.05011681,0.040898804,0.014373733,0.059575893,0.007511317,0.027869942,0.028241998,0.047392465,0.044873882,0.014893165
0.044972617,0.032887787,0.047067493,0.043208767,0.013651364,0.057425596,0.006688959,0.026716802,0.027873065,0.045567557,0.04331232,0.013353815
0.046996675,0.031416483,0.04413514,0.0411889,0.014925708,0.0608941,0.006694582,0.02863505,0.025634611,0.045672774,0.042292923,0.013849288
0.05136327,0.03273564,0.04407229,0.043765455,0.015303078,0.06288597,0.006958775,0.027830541,0.024284512,0.047986653,0.044007666,0.013924799
0.053690664,0.034759752,0.04367595,0.046887677,0.015346609,0.06351914,0.006854358,0.026876884,0.023866985,0.047310293,0.044768434,0.013668427
0.055710465,0.035367683,0.043001525,0.04850203,0.015556918,0.064205505,0.006747887,0.026134366,0.023231758,0.046306595,0.044380996,0.013422943
0.05710912,0.035548903,0.042197067,0.050159752,0.015329952,0.064473614,0.006777155,0.025468871,0.022715624,0.04639086,0.044491448,0.0132224485
0.057949096,0.035498224,0.040986843,0.051672224,0.015050474,0.064605735,0.0067410553,0.024820635,0.022289427,0.04567533,0.044409327,0.0130653
0.057818808,0.035274163,0.03940247,0.053833738,0.014990824,0.06524882,0.0067324303,0.024294006,0.021862308,0.04410079,0.044083193,0.012990657
0.056944568,0.03519929,0.0377948,0.05673533,0.01484144,0.06603392,0.006790533,0.023837052,0.021522146,0.0428862,0.043859534,0.012957701
0.056375746,0.035113666,0.0364497,0.058645625,0.0145632075,0.066594034,0.006814728,0.02348666,0.021334147,0.042166907,0.04358163,0.012915445
0.05611124,0.03494883,0.035293415,0.05950356,0.014285453,0.06714249,0.0068338253,0.023301879,0.021236293,0.041729085,0.043309793,0.012877228
0.055964593,0.034865223,0.03435394,0.059961773,0.014007696,0.06754816,0.0068788175,0.023168221,0.021166988,0.041560598,0.04319534,0.012848535
0.05592854,0.03481764,0.033552475,0.060224693,0.013721248,0.06775224,0.0069191386,0.023029013,0.021087963,0.041482117,0.043170508,0.012821986
0.055920873,0.03472163,0.03282246,0.06032312,0.013441065,0.06777498,0.0069505256,0.02292131,0.020992719,0.041398577,0.043163434,0.012799168
0.055884246,0.034618087,0.032177325,0.060327172,0.013169521,0.067659706,0.006981198,0.022830693,0.020893203,0.041326474,0.04319834,0.012787082
0.05588685,0.03451333,0.031625558,0.060273264,0.012912345,0.067476265,0.0070051057,0.022757983,0.020796672,0.041291963,0.04327264,0.012778657
0.05590143,0.034394532,0.031121427,0.060223803,0.012674858,0.06725052,0.0070222975,0.022704147,0.020700958,0.041261517,0.043370955,0.012775769
0.05593991,0.034293283,0.030691477,0.060166452,0.012459536,0.06700663,0.0070353537,0.022667952,0.020620001,0.041255765,0.043500744,0.012777942
0.055975676,0.034219813,0.03030755,0.060153067,0.012265324,0.066820934,0.007040199,0.022662228,0.020543734,0.04126208,0.043651123,0.012771045
0.05604067,0.034177713,0.029954042,0.060201824,0.0120836785,0.06668234,0.007036566,0.022670915,0.020470057,0.041263808,0.043802716,0.012749155
0.05606662,0.034117077,0.02965961,0.060266092,0.011924322,0.06656376,0.0070355497,0.022688065,0.020426227,0.041289557,0.043995332,0.012753454
0.056108948,0.03407956,0.029416228,0.06035088,0.011781083,0.06648067,0.007028848,0.022711877,0.020389264,0.041330725,0.044200983,0.012755818
0.05602887,0.0339648,0.029242316,0.060463015,0.011659718,0.06637425,0.007033112,0.022732824,0.020405343,0.041401196,0.044476144,0.01281833
0.05604398,0.03393525,0.0290706,0.060624395,0.011546231,0.0663597,0.0070261825,0.022771005,0.020402187,0.041453224,0.04471315,0.01283448
0.05607039,0.03392556,0.028900387,0.060841203,0.011441394,0.06642036,0.00701515,0.022817308,0.020394413,0.041495346,0.0449456,0.01283848
0.056111395,0.033923183,0.028754074,0.061081048,0.011346609,0.06650499,0.0070037423,0.022860307,0.020393422,0.04154104,0.04516898,0.012842784
0.056140482,0.0339307,0.028629955,0.06134417,0.011264082,0.06661784,0.0069937906,0.022909872,0.020394145,0.041585892,0.04538643,0.012846067
0.05618938,0.03395005,0.028515618,0.061625276,0.011190788,0.066747375,0.006984478,0.022954244,0.020400241,0.041626994,0.045600686,0.012849635
0.05625138,0.033975456,0.028416004,0.061932985,0.01112289,0.06688983,0.006975465,0.022997413,0.020408187,0.041663695,0.04579356,0.01285347
0.05633506,0.034014635,0.028340075,0.06223767,0.011065031,0.06703371,0.0069683115,0.023038307,0.020420754,0.041709628,0.045989327,0.012859031
0.05643849,0.034058366,0.028270425,0.06256193,0.011012298,0.06718066,0.0069622817,0.023078095,0.02043353,0.041747116,0.046173275,0.012864463
0.056523673,0.03410467,0.028203469,0.06290734,0.01096347,0.06732245,0.00695701,0.023111016,0.020447968,0.041781686,0.046338256,0.012870288
0.056626383,0.03415672,0.028147748,0.06322569,0.010921597,0.06747034,0.0069532883,0.023146573,0.020464405,0.041804958,0.046501998,0.012877651
0.056740113,0.034207482,0.02810114,0.06354039,0.010882975,0.06759897,0.0069506085,0.023170484,0.020477401,0.041831225,0.046643924,0.012883768
0.056830857,0.034254704,0.02804775,0.063876204,0.010847133,0.0677436,0.0069496245,0.023193976,0.020492837,0.041845325,0.046772867,0.012887518
0.056920946,0.034297775,0.027999783,0.064173736,0.010816837,0.06787158,0.006948334,0.023211127,0.020507168,0.04186028,0.046887327,0.012891989
0.057015665,0.034339044,0.027958648,0.06444126,0.010790368,0.06800439,0.006949611,0.023222735,0.020521317,0.041868426,0.04698903,0.012895818
0.057114292,0.034378186,0.027918052,0.06472255,0.010765619,0.068136275,0.006951454,0.023236979,0.020536324,0.04188218,0.047087338,0.01289957
0.05719517,0.034418114,0.027879026,0.06499671,0.010743242,0.06825331,0.006954885,0.023237005,0.020552173,0.04188523,0.0471709,0.012905364
0.057283927,0.034454398,0.027845882,0.06524373,0.010724286,0.06836589,0.006958221,0.023240518,0.020569684,0.041885387,0.047245193,0.0129103325
0.05736042,0.034485128,0.027811896,0.06549304,0.010706674,0.06847882,0.006963083,0.023241563,0.020587074,0.04188245,0.047316775,0.012918035
0.057430144,0.03451057,0.027780036,0.06572489,0.010689758,0.068574294,0.0069683543,0.023242531,0.020605605,0.041879654,0.047378987,0.01292467
0.05752948,0.034565747,0.02773618,0.065957636,0.010670663,0.06867949,0.006970242,0.023246251,0.020614205,0.041869402,0.047426518,0.012916333
0.05764438,0.034619156,0.02769476,0.06619756,0.010651395,0.068783164,0.006972421,0.023247663,0.02062697,0.041855995,0.0474776,0.012909549
0.057748124,0.034662943,0.027653847,0.06641649,0.010632152,0.06886013,0.0069746394,0.023248693,0.020640297,0.04183692,0.04752324,0.012904409
0.057830777,0.034706138,0.027615508,0.06663743,0.010613038,0.068915926,0.0069778566,0.023246685,0.02065095,0.041811917,0.047566447,0.0129014095
0.057940103,0.034746714,0.02757389,0.066836335,0.010593834,0.06898697,0.0069800806,0.023245178,0.020663057,0.04179418,0.047602624,0.012896219
0.05804879,0.034789,0.027535677,0.06701755,0.010573536,0.06903867,0.0069834823,0.023241628,0.020676337,0.04177428,0.047648802,0.012893045
0.058155753,0.03483483,0.027501538,0.06720171,0.010554362,0.06907384,0.0069862674,0.02323665,0.020692619,0.041749854,0.0476941,0.0128908
0.058260474,0.03487824,0.027466804,0.06737263,0.010534045,0.06910535,0.006988712,0.023230176,0.020708844,0.04171979,0.047732614,0.012888087
0.058367338,0.0349219,0.027429821,0.06754364,0.010511613,0.06912836,0.006991443,0.023223292,0.020723918,0.041691672,0.047771208,0.012887444
0.05848453,0.034962647,0.027399125,0.06768603,0.010489269,0.0691434,0.006994592,0.023208994,0.020740062,0.0416632,0.047805913,0.012887419
0.058605097,0.03500635,0.027366422,0.06782192,0.010466672,0.06914924,0.006996212,0.02319651,0.020756798,0.04163585,0.047846716,0.012887166
0.058730066,0.035049256,0.027337855,0.06795028,0.01044281,0.0691399,0.006999025,0.023178846,0.020777663,0.041608755,0.047890168,0.0128896395
0.058859043,0.035095125,0.02730849,0.068074234,0.01041706,0.06911562,0.007001299,0.023154883,0.020800484,0.04158101,0.04793084,0.012893821
0.0589896,0.035136655,0.02728322,0.06817629,0.010392262,0.06908247,0.007003954,0.023123631,0.020823425,0.041553427,0.04796471,0.012899534
0.05912524,0.035181973,0.027257394,0.06829301,0.0103622135,0.069042355,0.0070067435,0.023086006,0.020851066,0.04152084,0.048005797,0.012904349
0.05928041,0.035224073,0.027231468,0.06840569,0.010331941,0.06900061,0.0070093293,0.023032501,0.0208819,0.041497063,0.048035845,0.012911702
0.059442442,0.035271533,0.02721454,0.06847086,0.01029948,0.068940155,0.0070121214,0.022966256,0.02091675,0.0414781,0.04806732,0.012921374
0.059614737,0.035317954,0.027204167,0.06854424,0.010266538,0.06887607,0.0070157214,0.022883225,0.020956174,0.04146539,0.048092656,0.012934413
0.059810456,0.035366025,0.027195645,0.068628825,0.01023119,0.06882627,0.0070200567,0.022785641,0.02100187,0.041462794,0.04811556,0.012947131
0.060012247,0.035421338,0.027192531,0.068716235,0.010193917,0.0687615,0.007023768,0.022664921,0.021052804,0.041464955,0.048133247,0.012961537
0.06023946,0.035468154,0.02719684,0.06876153,0.010154347,0.06868025,0.007029357,0.02251987,0.021112412,0.04147439,0.048139643,0.012978617
0.060499422,0.0355241,0.02721048,0.0687977,0.010113423,0.06860466,0.007034418,0.022342425,0.021180935,0.04149323,0.04813972,0.012998661
0.060767174,0.03558634,0.027225424,0.068856865,0.010069608,0.068513826,0.007040692,0.022145983,0.021257138,0.041521456,0.048137676,0.013021122
0.061084613,0.035651237,0.027255086,0.06889707,0.0100229485,0.06843419,0.0070491717,0.021910084,0.021345925,0.04156929,0.04811983,0.013047873
0.06143147,0.035730563,0.027300961,0.06892714,0.009973588,0.068356104,0.0070595653,0.021627342,0.021448687,0.041637987,0.048090592,0.013078462
0.061805703,0.035807665,0.027354868,0.06894805,0.009925677,0.068306416,0.00707176,0.021316504,0.021564517,0.04172556,0.048045665,0.013110643
0.062169198,0.03588818,0.027399579,0.06900882,0.009880397,0.06826673,0.007084035,0.021018425,0.021672685,0.04181295,0.04799257,0.013137082
0.07127602,0.0354793,0.037612706,0.068612695,0.019015849,0.08470939,0.011279355,0.022191297,0.02591783,0.034541264,0.063502975,0.017150784
0.06410763,0.027405942,0.03554475,0.055956278,0.01631963,0.08004361,0.009181947,0.025550554,0.030951532,0.03440897,0.052386288,0.013096934
0.056032155,0.023208544,0.03563319,0.051148836,0.018829174,0.08465731,0.01075106,0.03030518,0.02845414,0.039526403,0.048977755,0.015314758
0.057329822,0.023787208,0.036485996,0.056239456,0.019967519,0.084979706,0.012474853,0.031816006,0.02898658,0.03835507,0.051750068,0.014125921
0.053644765,0.024125826,0.036046803,0.055472136,0.01972421,0.08303103,0.012209276,0.031505346,0.030538812,0.035436716,0.05114231,0.0133216055
0.048787706,0.023052325,0.033425823,0.052214798,0.020142054,0.08491649,0.01231685,0.03141033,0.03128221,0.03222371,0.049128864,0.013146705
0.04762671,0.02421771,0.032798316,0.051899746,0.020264495,0.08610813,0.01314921,0.031104036,0.032153014,0.03157574,0.049231697,0.0134273125
0.04724849,0.026036015,0.03224844,0.052665003,0.02068784,0.086635575,0.0137253525,0.030707493,0.034042675,0.03100696,0.04919957,0.013900444
0.04794426,0.030515375,0.038508143,0.027307168,0.0063959076,0.096923605,0.0055311373,0.013562793,0.02880883,0.03815393,0.030072339,0.010148009
0.05812865,0.028794926,0.040538598,0.02955249,0.010431749,0.07792728,0.007235894,0.016928706,0.02254421,0.04528844,0.033895433,0.012182334
0.05930806,0.03293691,0.043526147,0.041972045,0.011180524,0.06712066,0.007646902,0.018549724,0.023011753,0.0461286,0.039202467,0.012255184
0.0569276,0.03495736,0.04053972,0.044191092,0.010158993,0.065957606,0.0070877858,0.016872622,0.023350513,0.04249574,0.03696647,0.011670614
0.058379732,0.032284815,0.037792932,0.042115383,0.011011114,0.07114366,0.007264284,0.016900029,0.022057667,0.04164447,0.035128895,0.0125462795
0.060971703,0.03346103,0.03632696,0.047709458,0.01099185,0.07362261,0.007810798,0.016775593,0.021863762,0.04222867,0.036858007,0.012967859
0.062346492,0.035587672,0.035063002,0.053042095,0.011034968,0.07454426,0.007904592,0.01659292,0.022746194,0.041290265,0.037892453,0.013286628
0.06342573,0.03618195,0.034218337,0.055393774,0.011226254,0.07463588,0.0078852065,0.016614605,0.023092115,0.040856916,0.038061917,0.013569845
0.06380058,0.036798667,0.033640616,0.05758122,0.011126824,0.07317712,0.008000072,0.016773453,0.02322107,0.041200962,0.03898492,0.013703996
0.064146504,0.037177708,0.03299433,0.058911253,0.01090782,0.071488164,0.007962485,0.016626373,0.023307148,0.041029803,0.039632723,0.013755938
0.06424784,0.036913518,0.032280557,0.059282284,0.010752398,0.07017891,0.007883145,0.016510429,0.02334498,0.040689778,0.039899714,0.013831129
0.064088054,0.0366909,0.031574972,0.059597254,0.0105713615,0.06922251,0.007871986,0.016479919,0.023318723,0.040605288,0.04033302,0.013883455
0.06417043,0.03661068,0.030963436,0.05974397,0.0103891725,0.06851581,0.007837665,0.01641386,0.023301825,0.040562984,0.040832154,0.013906052
0.06430798,0.03654268,0.030423582,0.059898365,0.010241355,0.067949735,0.0077955034,0.01638172,0.023315504,0.040521815,0.041296966,0.013917697
0.06433815,0.036517262,0.029972626,0.06008059,0.010095709,0.06739551,0.0077696107,0.016379569,0.023316007,0.04055853,0.041788626,0.013920538
0.06444974,0.036521893,0.029607369,0.060229648,0.00994859,0.06685311,0.007739067,0.01637377,0.02330653,0.040622853,0.042279646,0.013915335
0.06464713,0.03654729,0.029239345,0.06047966,0.009801687,0.06633162,0.007708993,0.01636306,0.023300333,0.04064329,0.042730965,0.013902778
0.06480494,0.03657482,0.02892799,0.0607457,0.009664141,0.065848954,0.0076846434,0.016362017,0.023289647,0.040685397,0.04316071,0.013893941
0.065029785,0.036632176,0.028638843,0.061051037,0.00952075,0.06535933,0.007668066,0.016328644,0.023296898,0.04071129,0.04356502,0.0138896825
0.06514851,0.036628176,0.028439155,0.061270945,0.009417405,0.06496767,0.007637818,0.016363904,0.02327689,0.040784635,0.04395297,0.013894746
0.065219045,0.036611356,0.028281132,0.061472367,0.009327145,0.06463394,0.0076090912,0.01640822,0.023253625,0.040877502,0.044313762,0.013905466
0.065292075,0.036597732,0.028150834,0.06167621,0.009246339,0.06433242,0.0075828154,0.016448516,0.023229793,0.040970635,0.04464757,0.013915708
0.065374084,0.036588892,0.028034924,0.061899103,0.009174767,0.064081155,0.007559283,0.016490355,0.02320899,0.04105836,0.044945057,0.013922664
0.065442145,0.03658841,0.027939735,0.062129304,0.009109552,0.063862205,0.0075375973,0.016524674,0.023192003,0.041144148,0.045215037,0.013929626
0.06551098,0.03657562,0.027853072,0.062330943,0.009051738,0.06366339,0.0075184936,0.016560134,0.023176583,0.0412182,0.045454834,0.013933988
0.065573275,0.036573626,0.027774343,0.06254565,0.008999316,0.06350191,0.0075018145,0.016591847,0.023163363,0.041287433,0.045675553,0.0139373755
0.065616556,0.036565796,0.027706714,0.062762275,0.008951452,0.063357376,0.007487219,0.016621126,0.02315173,0.041349452,0.045868393,0.013940345
0.089745164,0.014318235,0.01997491,0.07746514,0.017811254,0.057615828,0.0036786923,0.02863621,0.010677088,0.026179722,0.043959547,0.01728397
0.06780437,0.013327694,0.021853592,0.070172034,0.01492946,0.057436675,0.003675478,0.033314597,0.018534321,0.023731349,0.04700663,0.014943976
0.06126311,0.014669746,0.021795569,0.06609423,0.015501727,0.046618864,0.0034741391,0.03895508,0.017721029,0.021500863,0.048210267,0.01667764
0.06339602,0.015373662,0.023389028,0.067649655,0.017174946,0.038804945,0.003187149,0.04253434,0.015821049,0.019399872,0.05267373,0.020780854
0.059828762,0.017681934,0.02468855,0.06919992,0.016835187,0.037353497,0.0031801218,0.045114778,0.017479183,0.018007228,0.051385738,0.022941878
0.054575257,0.018380428,0.024593562,0.058913782,0.01679999,0.032867063,0.0031442079,0.044782087,0.018350173,0.01772399,0.04930313,0.024158409
0.053667042,0.019015262,0.025047148,0.05425886,0.017697811,0.02857434,0.0033347446,0.04640188,0.018216414,0.018851642,0.049489416,0.027604822
0.052204862,0.019361023,0.025444377,0.05205821,0.01762969,0.025508827,0.0034789033,0.047685415,0.018432448,0.019741165,0.050369754,0.029911514
0.05072677,0.01936579,0.025947992,0.046364184,0.01745918,0.02217325,0.003587824,0.04857058,0.018032616,0.021195505,0.05082011,0.031769298
0.050376624,0.019374693,0.026464183,0.042661015,0.01753392,0.019979095,0.0037496188,0.049260747,0.017244572,0.022336872,0.05115499,0.03440244
0.049963724,0.019511187,0.027042102,0.040711496,0.017642133,0.018564153,0.0038951356,0.04921648,0.016509833,0.02311664,0.051841892,0.036286145
0.049606174,0.019748157,0.027835086,0.039042532,0.017874787,0.01757145,0.003999304,0.049018256,0.015795166,0.023732467,0.05236511,0.037229702
0.04977843,0.020147292,0.028765045,0.037879784,0.018211056,0.016918935,0.0040845787,0.04919165,0.015163471,0.024221422,0.052735213,0.03785514
0.05036481,0.02077706,0.029715376,0.037167385,0.018621497,0.016442915,0.004159695,0.049674716,0.014659775,0.02465791,0.05322985,0.038193773
0.05129831,0.02161751,0.030613732,0.03665104,0.019128988,0.016072283,0.004226196,0.05037116,0.014244959,0.025093336,0.053845808,0.038220268
0.052411146,0.02251694,0.031455506,0.036281317,0.019630322,0.015793482,0.004284484,0.051154066,0.013883155,0.025516905,0.05442415,0.038067617
0.0534234,0.02333098,0.03226224,0.035952646,0.020039069,0.015605035,0.004339828,0.051791865,0.013571153,0.025934193,0.05484187,0.037759863
0.05422796,0.02403486,0.033003207,0.03564393,0.02035367,0.015496038,0.0043926574,0.05226199,0.013299769,0.026348967,0.055075713,0.03730898
0.054955862,0.024721788,0.033608474,0.03534668,0.020602988,0.01546118,0.004438765,0.052661125,0.0130296,0.02675608,0.055210613,0.036716413
0.055304583,0.025178298,0.034243766,0.035061225,0.020766018,0.0154586015,0.0044884165,0.052899767,0.012848032,0.027103778,0.055128887,0.0362444
0.055396385,0.02553875,0.03485951,0.03469028,0.020882506,0.015473959,0.004545229,0.053022996,0.012712212,0.027430099,0.054889992,0.035904083
0.055377647,0.025776828,0.03539921,0.034337994,0.020982476,0.0155274,0.0045968625,0.053142767,0.012604192,0.027702266,0.0545825,0.03556796
0.055290066,0.025952958,0.035863303,0.034033235,0.021072552,0.015605177,0.0046474272,0.053271957,0.012521941,0.027918348,0.054238465,0.03528506
0.055148527,0.026096322,0.036273234,0.033742484,0.021163099,0.01569527,0.0046996856,0.053402152,0.012462459,0.028106356,0.053880364,0.035055183
0.054964915,0.026216835,0.036630154,0.033481985,0.021254908,0.015786983,0.004752666,0.05353391,0.012420702,0.028262928,0.053535957,0.034875587
0.054789074,0.026355915,0.03698197,0.033293374,0.021400826,0.015890367,0.0048113484,0.053661764,0.012395238,0.02841304,0.053243376,0.034775913
0.05462872,0.026610486,0.03742385,0.033267062,0.02167622,0.015987415,0.004886613,0.053768475,0.012386485,0.028587896,0.05311584,0.03478671
0.0545657,0.027135355,0.038138185,0.03355659,0.02223658,0.016067397,0.00499014,0.053812686,0.01240561,0.028817385,0.05335861,0.035013955
0.054616485,0.0279571,0.039221693,0.03415875,0.023072183,0.016102815,0.0051122447,0.053778898,0.012453095,0.029080415,0.054059934,0.035478204
0.054689176,0.028771758,0.040411483,0.034702674,0.023836913,0.016063094,0.005199118,0.05369994,0.012506002,0.02924127,0.054907735,0.03592924
0.08017753,0.028223358,0.04620991,0.061911207,0.014056654,0.023656309,0.0047600702,0.039854888,0.031777523,0.012037998,0.06243176,0.02929425
0.06341104,0.029296743,0.041011862,0.050405007,0.016646415,0.027667295,0.006465143,0.033958893,0.03681129,0.010362815,0.050963853,0.0285478
0.06723017,0.028325234,0.037264388,0.059468225,0.018613316,0.035190053,0.007405863,0.033244535,0.03723846,0.010714941,0.044438355,0.028392093
0.07062075,0.03366399,0.035531744,0.072532974,0.018674972,0.037309587,0.008070762,0.034173466,0.037065502,0.008871908,0.042106282,0.026625993
0.07489528,0.03395812,0.034515094,0.08269078,0.02021878,0.037039157,0.009920824,0.034903646,0.037187,0.007973818,0.039026577,0.028325064
0.07514244,0.03530828,0.03188459,0.09213193,0.02261189,0.039960843,0.012041543,0.034170356,0.039830543,0.0071656546,0.03768998,0.028349843
0.07233268,0.038767528,0.030831926,0.09447081,0.023627019,0.042223316,0.013140364,0.032623265,0.043027904,0.0065482017,0.0375619,0.02774641
0.06755729,0.04005573,0.02981248,0.08963605,0.025372772,0.041944537,0.014195628,0.029873736,0.04599998,0.006424794,0.036901027,0.027671618
0.063615225,0.040101066,0.028175645,0.0841205,0.027049178,0.040272593,0.014663587,0.026905056,0.04792476,0.006375032,0.035598233,0.027016813
0.061360307,0.040253192,0.026776992,0.079246484,0.027290655,0.03824208,0.014887758,0.025006466,0.04944278,0.006334088,0.034853127,0.026026396
0.059581947,0.040370084,0.025674064,0.07565045,0.027244903,0.036731485,0.015239615,0.023905652,0.051401686,0.0063694315,0.03439819,0.02538921
0.0580589,0.040896326,0.024835825,0.07399732,0.027375156,0.036212,0.015562449,0.023349976,0.053731203,0.0063941777,0.034012653,0.024926864
0.057119027,0.041984957,0.024454625,0.07372302,0.027595941,0.036577694,0.015932104,0.023266198,0.056326266,0.0064157746,0.033898555,0.024688458
0.056469984,0.043454874,0.02444272,0.07407331,0.028063582,0.03745688,0.016403433,0.02319545,0.059111703,0.00647564,0.03389469,0.024742398
0.055812422,0.045095094,0.024596974,0.074757725,0.02879675,0.038566362,0.016867332,0.022892533,0.06179586,0.0065450724,0.03377556,0.02485579
0.055089943,0.04674747,0.024796529,0.075447835,0.029737838,0.03966666,0.0172979,0.022384707,0.06406913,0.0066155153,0.03349299,0.024880154
0.054194875,0.048348147,0.024913749,0.07594152,0.030918881,0.040591627,0.017667398,0.021656651,0.06585781,0.0066875583,0.033005763,0.024738358
0.05309189,0.050016016,0.0249022,0.076280996,0.03225802,0.041351248,0.017941777,0.020774083,0.06738023,0.006759934,0.0323506,0.024439223
0.051885784,0.051853564,0.024835885,0.07653252,0.033557225,0.04207362,0.018160328,0.019885268,0.06896326,0.0068524075,0.031733368,0.024109636
0.0427263,0.0471355,0.033271924,0.058153927,0.040052585,0.03941108,0.02150223,0.023212926,0.053535905,0.012423499,0.03514402,0.024375597
0.050230693,0.04444912,0.0373217,0.061973736,0.04354204,0.040087927,0.021996673,0.027875356,0.048328787,0.01408884,0.033979643,0.027444556
0.027352547,0.02331356,0.029482977,0.053247973,0.030149126,0.023319477,0.005268766,0.029253297,0.015927006,0.0051097255,0.02856619,0.024631077
0.034016803,0.025091572,0.030524932,0.0502789,0.0377342,0.027416602,0.0063956287,0.03971664,0.01989726,0.008515911,0.030223077,0.02300798
0.033874054,0.024153318,0.0311918,0.0556433,0.03663203,0.030164331,0.0064092698,0.042661075,0.02075205,0.010062016,0.035024222,0.023312707
0.032328583,0.024505232,0.029607637,0.055949878,0.036354233,0.029460287,0.006234937,0.04456759,0.0196598,0.011732867,0.03819907,0.021160407
0.031538483,0.024165459,0.029146377,0.057271995,0.03584549,0.030233335,0.0065641277,0.047537316,0.019275798,0.013317595,0.03860237,0.02159646
0.031514183,0.023864824,0.029879667,0.056144122,0.035402182,0.02939148,0.006741431,0.047815938,0.01906749,0.01498382,0.03908858,0.022238318
0.03199316,0.024263384,0.030615183,0.054795988,0.035699956,0.028355047,0.006738,0.048144758,0.018752571,0.016284898,0.040133502,0.023028364
0.032820545,0.024695046,0.031582315,0.053235196,0.03518322,0.02737136,0.006692397,0.048071176,0.018333264,0.017412543,0.040852766,0.02441673
0.03389405,0.025034413,0.032626033,0.050357815,0.034330864,0.026006568,0.006585397,0.047245312,0.017770141,0.018477125,0.041584514,0.025933309
0.035260115,0.025469895,0.03341849,0.04815635,0.033686444,0.024661196,0.006423795,0.046920676,0.017250448,0.019338483,0.04278909,0.027353467
0.036978453,0.026215065,0.03438238,0.046096615,0.032999396,0.02341073,0.006352656,0.047650684,0.01677657,0.020490486,0.044133067,0.0287347
0.03868845,0.02740995,0.0355238,0.043528687,0.03204529,0.02222005,0.0064583966,0.049689904,0.016204733,0.022125762,0.045360602,0.030100217
0.040321723,0.028710116,0.036365055,0.04160744,0.03131207,0.021316117,0.0065966705,0.051595427,0.015655996,0.0232938,0.046355933,0.031502128
0.04209084,0.029942177,0.037062433,0.040357273,0.03089955,0.02064384,0.006719039,0.05282823,0.015183408,0.024234861,0.04737933,0.03272608
0.043797236,0.03103051,0.037754234,0.039440487,0.030641187,0.020132042,0.006826702,0.05364581,0.014769219,0.02513329,0.048387717,0.033674456
0.0453293,0.031949002,0.038412236,0.03878561,0.030403363,0.01973954,0.00689546,0.054263946,0.0144261215,0.025943901,0.049300913,0.034374766
0.046635047,0.032669146,0.039057042,0.0382957,0.030160882,0.019447943,0.006932346,0.05470976,0.014152899,0.026648734,0.050017975,0.034882154
0.047689386,0.033182684,0.039662313,0.037892062,0.029909723,0.01924488,0.006954809,0.05502906,0.013932134,0.027264971,0.050514173,0.035231758
0.04849948,0.033510923,0.040197715,0.03755349,0.029657962,0.019095413,0.0069616227,0.05526427,0.013759541,0.02776914,0.050840218,0.035432417
0.049132146,0.033690006,0.040650085,0.037263762,0.029416874,0.018996375,0.0069595138,0.055475798,0.0136266025,0.028183488,0.051050294,0.03552945
0.049619313,0.033748288,0.04103492,0.037010867,0.029193208,0.018936861,0.006956357,0.05567641,0.013525091,0.028522514,0.051164776,0.035559252
0.049984,0.03371952,0.041337937,0.036783487,0.028982172,0.018900167,0.00694995,0.055870097,0.013446207,0.02879477,0.051214263,0.03553698
0.050278522,0.033640843,0.041580353,0.036582775,0.02879998,0.018886358,0.0069471463,0.05608562,0.013386984,0.029021101,0.0512434,0.03549646
0.05050588,0.033519395,0.041771606,0.03640265,0.028631056,0.018888483,0.0069459756,0.05629804,0.013342996,0.02921007,0.05124488,0.035439763
0.050687246,0.033379994,0.041913707,0.036238704,0.0284755,0.018900124,0.006944989,0.05652106,0.013310341,0.029369507,0.051241424,0.035376314
0.05083028,0.033231784,0.042017918,0.036102604,0.028337067,0.01891504,0.0069475453,0.056745652,0.013284852,0.029508004,0.051240902,0.035313275
0.050951898,0.033080745,0.04210138,0.03597372,0.028208848,0.0189379,0.006951392,0.05696643,0.013267324,0.029632114,0.05123667,0.035253555
0.05105383,0.032929678,0.042161316,0.035859644,0.028081665,0.018960547,0.006954223,0.057182014,0.013254135,0.029740674,0.051237218,0.035198696
0.05113621,0.032782394,0.042204976,0.035772223,0.027966654,0.01898649,0.0069592497,0.05739032,0.013242079,0.029840339,0.05124336,0.035143122
0.05121232,0.032638874,0.042240538,0.03568612,0.027851393,0.019009214,0.0069624074,0.057585943,0.013234892,0.029931402,0.051257063,0.035093818
0.05127478,0.032499343,0.04226772,0.0356186,0.027749728,0.019034768,0.006966299,0.05776751,0.013229643,0.03001285,0.051268116,0.035050265
0.051336367,0.032374043,0.042290047,0.035549536,0.02765058,0.019056763,0.0069685522,0.057938688,0.01322495,0.030090995,0.051294144,0.03501058
0.051387813,0.0322498,0.042308696,0.0355044,0.027557462,0.01907838,0.006970192,0.058097024,0.013223674,0.030156454,0.051321022,0.03496942
0.05143832,0.032134544,0.042329744,0.035461254,0.027465072,0.019097814,0.0069702514,0.05824434,0.013221981,0.030217953,0.05134951,0.03493126
0.051483326,0.0320294,0.042343218,0.035423484,0.027379714,0.019116595,0.006970635,0.058387887,0.013220687,0.030276837,0.051381975,0.034896728
0.05152053,0.031929802,0.042357557,0.03539554,0.027301451,0.019136505,0.0069709183,0.05851516,0.013219948,0.030328967,0.051414885,0.03486076
0.051560566,0.031838186,0.0423779,0.03538118,0.027225012,0.019153697,0.0069712386,0.05863802,0.013219941,0.030379059,0.05145505,0.034832705
0.05159627,0.03175196,0.04239526,0.035368603,0.027151404,0.019171009,0.0069703045,0.058756072,0.013218883,0.030423073,0.05149608,0.034800056
0.051637627,0.031673066,0.042413153,0.035356577,0.027083797,0.019186579,0.00696745,0.058863197,0.013219121,0.03046368,0.051537056,0.034767926
0.051665682,0.031600866,0.04243324,0.035351884,0.027017077,0.019199029,0.006966325,0.058955703,0.0132195745,0.030503603,0.051583525,0.034743868
0.051706783,0.03152948,0.04245293,0.035354305,0.026949892,0.019213779,0.0069632055,0.059051696,0.01321751,0.030538581,0.051628403,0.03471145
0.051741537,0.031468112,0.042464968,0.03536408,0.026889196,0.019230284,0.0069597443,0.05914612,0.013216129,0.030568743,0.051677458,0.0346699
0.051776223,0.03141036,0.04248671,0.035373114,0.026833843,0.019242942,0.0069569927,0.059231598,0.013215967,0.030599711,0.051725455,0.034641635
0.051802356,0.031354055,0.042505704,0.035387274,0.0267697,0.019255057,0.0069517246,0.05930737,0.013216222,0.030623073,0.05177618,0.034602873
0.051829707,0.03129844,0.042525336,0.035401557,0.02671415,0.019266332,0.00694739,0.059376437,0.013217236,0.030648718,0.051830534,0.034568563
0.058746196,0.022098517,0.051611014,0.03910926,0.034030512,0.026430486,0.010338359,0.070616096,0.018255636,0.031837307,0.04085471,0.040050153
0.05876195,0.018215986,0.05518444,0.03431698,0.030396467,0.027770577,0.0102855,0.05785455,0.01935354,0.032994796,0.034433197,0.032319605
0.056107152,0.018281294,0.052745283,0.038137313,0.028488992,0.027470373,0.00989025,0.058434434,0.01820698,0.032538466,0.035960536,0.028357578
0.044339325,0.0187903,0.05275095,0.042814787,0.029466191,0.027783051,0.010463249,0.061762176,0.019868178,0.031174578,0.038706724,0.025576545
0.038468316,0.019957693,0.051085513,0.044444285,0.034068737,0.030365136,0.011554615,0.0725742,0.022987258,0.03090911,0.041150585,0.025927683
0.03673017,0.021660723,0.049796827,0.046113394,0.039409727,0.034145635,0.013320622,0.08379459,0.026352935,0.031771608,0.0428182,0.028064797
0.036069345,0.02328507,0.04977064,0.048653007,0.043267686,0.03730579,0.014686221,0.086031236,0.029597344,0.032563612,0.044057112,0.029413125
0.03632257,0.024281316,0.050955158,0.049992573,0.04580337,0.039299715,0.016078135,0.079264976,0.03175437,0.033283558,0.044636916,0.03051314
0.03728872,0.025118684,0.05262852,0.049635205,0.046208784,0.039632034,0.017580448,0.06946192,0.03243174,0.034047507,0.0445267,0.03135748
0.037814703,0.026025448,0.054171458,0.048802357,0.045234505,0.038271535,0.018624019,0.062631816,0.032523077,0.034198433,0.044555876,0.03160548
0.037422307,0.026691867,0.0544659,0.047739528,0.043938406,0.036487218,0.019057527,0.05943419,0.03255868,0.03350951,0.044381734,0.031194424
0.036352977,0.02703472,0.05352234,0.04675568,0.043199245,0.035193592,0.019246276,0.058606297,0.032843452,0.03253771,0.044061553,0.030756285
0.035012715,0.027197447,0.051789347,0.046214543,0.043082338,0.034518857,0.019378394,0.05926979,0.033476893,0.031655446,0.04399785,0.030652076
0.049505502,0.009354254,0.023543432,0.05309159,0.05159474,0.027786335,0.008734594,0.080317095,0.025874514,0.022311635,0.021172551,0.0098572625
0.054314625,0.010652581,0.031183474,0.038846698,0.0577409,0.031631343,0.00996763,0.0779879,0.021649338,0.031097092,0.022679677,0.012359606
0.057312105,0.010366171,0.03143081,0.039729126,0.05399498,0.030817864,0.010134333,0.077758975,0.023355452,0.032793947,0.026247377,0.012137635
0.05873003,0.0113057075,0.02982931,0.042675283,0.058442503,0.030085888,0.0094093485,0.08043061,0.022410242,0.033235833,0.028804716,0.011481838
0.05939737,0.012117036,0.030225394,0.039646283,0.06108556,0.03177938,0.010044248,0.08091349,0.020895906,0.034294635,0.030124784,0.011964276
0.061820123,0.012166588,0.029756913,0.03714346,0.060357217,0.032185186,0.010470133,0.07968364,0.019388907,0.035226334,0.031208556,0.012336675
0.0639503,0.012063771,0.029261999,0.034682002,0.057071652,0.033199295,0.01046509,0.076176725,0.01805216,0.03513677,0.031298142,0.012350621
0.06491279,0.012149849,0.029130593,0.032236956,0.05322139,0.034159586,0.010463866,0.07081737,0.017234318,0.035123955,0.031218475,0.012430954
0.06444455,0.012238796,0.028797118,0.03059931,0.049706995,0.034632992,0.010484856,0.066282906,0.016748361,0.034648318,0.031145314,0.012330193
0.06350624,0.012291503,0.028457481,0.029428108,0.04695793,0.03492673,0.010458175,0.06286493,0.016393518,0.033861034,0.030954584,0.012163213
0.06266075,0.012301842,0.02829445,0.028530734,0.044936087,0.035175435,0.010428131,0.060183898,0.01613291,0.033013403,0.030710338,0.01202984
0.062040206,0.012270154,0.028240649,0.027933694,0.04349979,0.03536055,0.010419636,0.05836748,0.015907645,0.032167383,0.030500256,0.011926563
0.06165722,0.012225821,0.028314155,0.027531018,0.04255206,0.035522334,0.010421077,0.05717161,0.015688002,0.03138181,0.030314125,0.011856237
0.061440587,0.012196057,0.02852188,0.02728238,0.04198068,0.035697676,0.010435652,0.056256834,0.015499473,0.030681383,0.0301699,0.011811283
0.06133623,0.012197706,0.02880811,0.027198238,0.041720126,0.035872746,0.010449829,0.05547437,0.015355748,0.030036183,0.030082291,0.011769304
0.06131059,0.012240346,0.029142369,0.027269926,0.041707046,0.036027294,0.010450599,0.054739844,0.015271121,0.02942742,0.030052645,0.011712493
0.06126011,0.012324387,0.02952097,0.027462257,0.04181997,0.03617393,0.010432954,0.0539854,0.015269285,0.028879182,0.030090336,0.01162999
0.061138775,0.012429286,0.029928373,0.027713595,0.041864358,0.036315914,0.010389903,0.05329015,0.015342143,0.028426101,0.03016319,0.011516332
0.060978822,0.012533089,0.030361703,0.027937993,0.041707296,0.036469076,0.010326071,0.052727867,0.015461571,0.028098395,0.030228835,0.011376131
0.060808957,0.012622786,0.030812424,0.028115178,0.041352194,0.03661481,0.0102524385,0.05228598,0.015600686,0.027864272,0.030265823,0.011228122
0.060660154,0.012698587,0.03126937,0.028263532,0.040881347,0.036746033,0.010176424,0.05193405,0.015731454,0.027691904,0.030264474,0.011080763
0.0605366,0.012763309,0.031718455,0.028400254,0.04037825,0.03683175,0.010103679,0.05162681,0.01584565,0.027541136,0.03023086,0.01094067
0.060393263,0.012820055,0.032147165,0.02852959,0.03988125,0.036875885,0.010042286,0.051352326,0.015944444,0.027402224,0.03017567,0.01080921
0.060254443,0.012865952,0.032549374,0.028647892,0.039419737,0.03689074,0.009992967,0.051089413,0.016021922,0.027275758,0.030090803,0.010694443
0.060137503,0.012904458,0.032918908,0.028755479,0.039002217,0.036882907,0.009959412,0.050857365,0.016086979,0.027151594,0.029990943,0.010593334
0.060029138,0.01293311,0.03325187,0.028851315,0.03863248,0.036887497,0.009947157,0.05066015,0.016147576,0.027052622,0.029874546,0.0105078155
0.06000799,0.012966004,0.0335459,0.028939363,0.038310625,0.0369151,0.009977205,0.05053731,0.016239634,0.027005985,0.029753603,0.010433751
0.060157884,0.013013574,0.033807334,0.029030131,0.038020432,0.03700417,0.010079,0.05054042,0.016405126,0.027068468,0.029635344,0.010370917
0.060527194,0.013072163,0.034037627,0.02914127,0.03776136,0.03717647,0.010275728,0.050718505,0.016659642,0.027255237,0.029519621,0.01031507
0.060899556,0.01309988,0.034220576,0.029266292,0.037529532,0.037377313,0.010512074,0.050968025,0.016904775,0.027463762,0.029384473,0.010265191
0.061130807,0.013078643,0.03437476,0.02938555,0.037366815,0.037541747,0.010712172,0.05114791,0.017039366,0.027589139,0.029237296,0.010230779
0.061270557,0.013039114,0.034543328,0.029495083,0.03727409,0.037642702,0.01086277,0.05122251,0.017087208,0.027647756,0.029123988,0.010221701
0.061414503,0.012999946,0.03471723,0.029608041,0.037222754,0.037706044,0.010975223,0.05123645,0.017099265,0.02767122,0.029040905,0.010232962
0.06156224,0.012953743,0.0348692,0.02970751,0.03717934,0.037763562,0.011056909,0.051225014,0.01708974,0.027658617,0.028956983,0.010250876
0.061713323,0.012905004,0.034992196,0.029799568,0.03713767,0.037797432,0.011119298,0.051213905,0.017071493,0.027630834,0.028874917,0.010273353
0.061836448,0.01285655,0.035082236,0.02987634,0.037084993,0.037832167,0.011171192,0.051194437,0.017051151,0.027586363,0.02878552,0.010293298
0.06197129,0.012801946,0.035155438,0.029941497,0.037029013,0.037860747,0.011209661,0.051186938,0.0170283,0.027533384,0.028695134,0.010312879
0.062090166,0.012750447,0.03521134,0.02999489,0.036960784,0.037884485,0.011240241,0.051178697,0.017006135,0.027474461,0.028605018,0.010330005
0.06219143,0.01269851,0.03524976,0.030044151,0.036889054,0.037901163,0.011266307,0.05117483,0.016984593,0.027410796,0.02850996,0.010343736
0.06228561,0.012650182,0.03528198,0.030082677,0.03681426,0.037913073,0.011285366,0.051169377,0.016964877,0.027349899,0.028422989,0.01035622
0.06238288,0.012603789,0.03530421,0.03011965,0.036732532,0.037932266,0.011301386,0.05115692,0.016946485,0.027292378,0.02833186,0.010368123
0.062455714,0.012557135,0.03531618,0.030147202,0.036647677,0.03794622,0.011313999,0.051145792,0.016928112,0.027227331,0.028241465,0.010375126
0.062540635,0.012510777,0.03532354,0.030173032,0.036561783,0.037949104,0.011321565,0.05113916,0.016907731,0.02716655,0.028156457,0.010381743
0.062614806,0.012467659,0.035327174,0.030201709,0.03647531,0.03796425,0.01133046,0.051126555,0.016890826,0.027108397,0.028071204,0.010387413
0.06267646,0.012425137,0.035332806,0.03022553,0.036389522,0.03796838,0.011335423,0.051117636,0.016875217,0.027050836,0.027991312,0.010391397
0.06274641,0.0123838205,0.03533558,0.030245032,0.03630174,0.037977718,0.011341155,0.051110536,0.0168595,0.026990699,0.027912844,0.010393163
0.06278653,0.012345957,0.035333514,0.030264376,0.03621434,0.03798176,0.011342181,0.051097058,0.016845854,0.026934465,0.027839234,0.010393084
0.062839836,0.012307137,0.035340086,0.030279595,0.036135152,0.037993606,0.011349391,0.051074047,0.016835883,0.026884915,0.027768595,0.010397813
0.06287126,0.012264526,0.035348054,0.03028263,0.03605364,0.037993964,0.01135696,0.05105018,0.016829127,0.026830234,0.027701655,0.010405442
0.06290865,0.012229092,0.035342485,0.030297419,0.03597779,0.038000353,0.0113598285,0.051034104,0.016816761,0.026781267,0.02763354,0.010404897
0.062941454,0.012194058,0.03534416,0.03030919,0.03589723,0.03800656,0.011361082,0.05101867,0.016808571,0.026734695,0.027570633,0.010403993
0.06297823,0.012162097,0.03534643,0.030320752,0.035822965,0.038010158,0.011360101,0.05099484,0.016798323,0.026691737,0.027510887,0.010403198
0.06301703,0.01213008,0.03534064,0.030333547,0.035746783,0.03801614,0.011360685,0.050969433,0.016787056,0.026648195,0.027449792,0.010401426
0.06304849,0.012100448,0.03534041,0.030343333,0.03567498,0.03802148,0.0113585545,0.05095275,0.016779227,0.026604664,0.027396748,0.010398584
0.06307552,0.012071254,0.035336982,0.030357085,0.03560708,0.03802615,0.011359851,0.050933585,0.016770104,0.026567854,0.027340954,0.010397059
0.06310106,0.012042087,0.035333745,0.030364372,0.035536174,0.038029537,0.011358367,0.050912395,0.016760806,0.026527064,0.0272861,0.010394654
0.06312916,0.012015041,0.035333157,0.03037191,0.035473276,0.038034916,0.011358388,0.050888836,0.016753098,0.026490306,0.027238112,0.010393639
0.06315978,0.011989448,0.03532985,0.030378953,0.03541231,0.038043056,0.011359486,0.05085978,0.016744735,0.026456634,0.027185816,0.010392733
0.06318019,0.011963635,0.035325784,0.030386306,0.035351396,0.038046435,0.011358795,0.050836045,0.016737215,0.026420955,0.027137218,0.010391364
0.06319805,0.011938431,0.035319913,0.030389188,0.035292376,0.038049787,0.011357917,0.050810833,0.016728507,0.02638675,0.027089415,0.010389687
0.06322379,0.011915308,0.035319645,0.03038928,0.035237435,0.038061377,0.011359122,0.050773885,0.016720736,0.026357034,0.027041504,0.010389707
0.06323948,0.01189274,0.035315607,0.030391674,0.03519023,0.038074706,0.011360831,0.050748866,0.016714113,0.026326295,0.026996735,0.010390379
0.063261755,0.011871033,0.035311066,0.030387264,0.035146084,0.03808754,0.011362528,0.0507259,0.016705127,0.026296042,0.026949903,0.01039158
0.06328969,0.011851228,0.0353092,0.030385828,0.03510561,0.038111337,0.011364302,0.050686937,0.016695386,0.026272822,0.026902609,0.010393678
0.06331367,0.0118298195,0.035304017,0.030386489,0.03506063,0.03812269,0.011364065,0.05065438,0.016688202,0.026245525,0.026857458,0.010394738
0.06334898,0.01181336,0.035297327,0.03039131,0.03501793,0.038140368,0.0113638835,0.050625768,0.016678674,0.026223062,0.026814725,0.010392673
0.06337867,0.011796879,0.03529003,0.030397814,0.034974996,0.03815662,0.011361119,0.0505943,0.01666916,0.026195165,0.026774175,0.010388481
0.06341215,0.011768107,0.035299625,0.030389603,0.034921344,0.038144495,0.011361607,0.050543442,0.016669681,0.026172226,0.02673757,0.010396253
0.06342791,0.011748857,0.035298295,0.03039794,0.034871,0.038133126,0.011358319,0.05050987,0.016665753,0.026145853,0.026701894,0.010395979
0.0634476,0.011736313,0.03528914,0.030407894,0.034832302,0.038147707,0.011356355,0.05047335,0.016658079,0.026123589,0.02666423,0.010391133
0.06347179,0.011721859,0.035283424,0.03041552,0.034787126,0.038145524,0.011353484,0.05043651,0.016654706,0.026104037,0.026632,0.010388863
0.06348921,0.011705403,0.03527694,0.03042228,0.034738105,0.038139965,0.011349594,0.050394315,0.016650168,0.026085231,0.026598996,0.010385413
0.06351065,0.011690773,0.035271585,0.030432008,0.03469495,0.03813264,0.011347385,0.050358467,0.016648771,0.02606569,0.026571015,0.010382409
0.063538104,0.011675538,0.03526753,0.030438684,0.034650132,0.03813261,0.011343752,0.050320227,0.016643746,0.02604982,0.026540076,0.010380749
0.063561685,0.011663357,0.035262197,0.03045298,0.034613203,0.0381319,0.011342801,0.05027896,0.01664208,0.026036015,0.02651298,0.010379039
0.06357602,0.011649749,0.035257805,0.03046092,0.03457138,0.038127623,0.011339341,0.050240036,0.01663946,0.026020208,0.026485382,0.010376115
0.06359678,0.0116371615,0.03525288,0.030466467,0.03453351,0.038122397,0.011336403,0.050197866,0.016636964,0.026006447,0.026457002,0.010373765
0.06362498,0.011624252,0.035251185,0.03047672,0.03449439,0.038114928,0.011331551,0.050152566,0.016633922,0.025991874,0.02643048,0.010372287
0.06364452,0.01161185,0.035247523,0.030487256,0.034456816,0.0381119,0.011330792,0.050116308,0.016631614,0.025978055,0.026403906,0.010370055
0.0636632,0.01159991,0.035242617,0.03049611,0.03441798,0.038107082,0.011327069,0.050077032,0.016629772,0.025964528,0.02637776,0.010367741
0.06367338,0.011588073,0.035238557,0.030504966,0.034382522,0.038102407,0.011323262,0.050039515,0.016626973,0.025950575,0.02635307,0.010364895
0.06368642,0.011576365,0.035232436,0.03051211,0.034345195,0.038095545,0.011318165,0.050003354,0.016625,0.025935302,0.026328564,0.01036172
0.06369561,0.011565604,0.035227694,0.0305222,0.034311812,0.03808822,0.0113156,0.049963467,0.016623372,0.02592335,0.02630487,0.010359358
0.071756065,0.017647423,0.045548614,0.03291461,0.033231933,0.04204457,0.01667327,0.05058308,0.019607682,0.029436525,0.02963524,0.017638141
0.062218316,0.015174383,0.04331545,0.037814997,0.035376836,0.044329472,0.016646797,0.047527187,0.020128798,0.026554227,0.030337496,0.018015146
0.060042158,0.01672689,0.04133761,0.038673352,0.038090054,0.046173546,0.019306995,0.051589802,0.02240742,0.027472626,0.03151583,0.017927626
0.05487846,0.017770864,0.042564485,0.037979033,0.037199702,0.04768863,0.019984266,0.0504904,0.026101884,0.028867241,0.03349171,0.018386137
0.057861984,0.01850735,0.040635318,0.039421,0.03664516,0.047606908,0.019645024,0.050736304,0.029087136,0.030885058,0.034833394,0.01891171
0.06004733,0.019918421,0.037433755,0.04124478,0.03650033,0.047290172,0.019464076,0.053509083,0.031831432,0.03295827,0.03661117,0.019404635
0.06359676,0.022911306,0.036308583,0.042265102,0.037299097,0.046980053,0.019211607,0.05471789,0.034895,0.03477902,0.0395594,0.021788184
0.066574566,0.026000023,0.036837526,0.04476056,0.0398122,0.046916533,0.01911404,0.05335708,0.03709987,0.035314027,0.041918676,0.024395566
0.06377477,0.028337022,0.03779582,0.046086878,0.04131868,0.04596142,0.019745044,0.049301486,0.037293017,0.034856055,0.043181285,0.025737174
0.05808041,0.030096482,0.038645282,0.0459299,0.041437283,0.043695733,0.02093108,0.044461112,0.03674684,0.03381121,0.04369177,0.02654538
0.053472012,0.031298425,0.038520206,0.045454036,0.040147282,0.04065669,0.021874174,0.041076858,0.036360595,0.03244604,0.044071827,0.026777854
0.050396517,0.03204719,0.037505496,0.04498883,0.038338542,0.03800457,0.022169903,0.039485358,0.036326177,0.031130755,0.04450492,0.026411708
0.047796004,0.032445814,0.03598967,0.04467725,0.03679943,0.03622456,0.022114556,0.039373644,0.036725875,0.03013141,0.04503654,0.025882516
0.045960937,0.032930285,0.034637466,0.044929292,0.03596626,0.035387054,0.022076076,0.039994366,0.037484568,0.029658379,0.045687594,0.025584897
0.045085702,0.033708513,0.03384415,0.045953352,0.03586741,0.03523822,0.022139773,0.04068785,0.038463257,0.029477729,0.046447445,0.025603995
0.044281147,0.03440262,0.03328361,0.047069598,0.036133632,0.035279617,0.022115195,0.041221555,0.039456986,0.02910936,0.047251903,0.025808489
0.043233387,0.034791816,0.03276132,0.047595803,0.03634634,0.035077684,0.022020089,0.041332804,0.040144168,0.02852429,0.047883634,0.025970526
0.042388894,0.035124373,0.032444682,0.047609307,0.036161285,0.03446471,0.022053218,0.040792774,0.040413663,0.028048128,0.048166584,0.025936075
0.041617714,0.035392698,0.032207683,0.047286455,0.035551377,0.033638608,0.022149235,0.04003729,0.04055425,0.027696589,0.048228294,0.025843581
0.040915586,0.035565402,0.031888768,0.046927106,0.0348272,0.032803096,0.022222098,0.03950684,0.040721413,0.027396658,0.04827258,0.025739284
0.041502107,0.034340084,0.025186626,0.0252889,0.007083153,0.06542757,0.005740969,0.021500077,0.035926715,0.03179083,0.033560954,0.011407165
0.0529764,0.03215094,0.03226145,0.02910073,0.0116541805,0.06056404,0.0075584715,0.021253055,0.027692486,0.037869766,0.03378088,0.013696052
0.052410368,0.035112232,0.03637727,0.042127684,0.01271963,0.05659277,0.007931219,0.021601176,0.026320472,0.04254099,0.041439205,0.012749881
0.048815638,0.03609778,0.03397274,0.048186164,0.011850134,0.055704456,0.0071213753,0.02066032,0.02549623,0.04049645,0.041567564,0.011686817
0.050222863,0.033267997,0.030791212,0.04576031,0.013183415,0.06204618,0.0071924324,0.022821413,0.024217384,0.038619205,0.04094483,0.011921205
0.05521191,0.034151033,0.030211339,0.051748626,0.013559662,0.067692734,0.007713933,0.023022894,0.023797736,0.040998813,0.04323656,0.012129176
0.057702318,0.03554052,0.028934246,0.057932165,0.013313373,0.07098571,0.0078017386,0.023196837,0.024417032,0.041202676,0.044798754,0.012039371
0.059000585,0.035175856,0.027924359,0.059827205,0.01330959,0.07309027,0.0077737765,0.02292721,0.02477781,0.040859036,0.044701148,0.012051298
0.059284132,0.034776513,0.027813204,0.060837984,0.01315767,0.073411465,0.00792989,0.022174006,0.02494509,0.041522957,0.044847842,0.012054807
0.05934297,0.034458015,0.02755619,0.061629362,0.012821437,0.07319159,0.007965231,0.02127031,0.024959825,0.04151845,0.044802774,0.011957982
0.059191942,0.033749208,0.027113,0.061724517,0.01260976,0.07306063,0.007948011,0.020599434,0.024958147,0.04098674,0.044340607,0.011900373
0.05952204,0.033431605,0.026873408,0.06170696,0.0123579055,0.07320164,0.008012456,0.01952583,0.025030041,0.041041017,0.043865852,0.011852518
0.06028386,0.033434454,0.026801577,0.061088085,0.01213065,0.0727562,0.007972393,0.01910314,0.024628783,0.041110113,0.043772787,0.011818049
0.06131667,0.033504546,0.026795682,0.06022482,0.011932836,0.07217186,0.007866689,0.01882942,0.02406662,0.041046448,0.04368555,0.011780935
0.06181425,0.03358764,0.026753852,0.059880495,0.011804479,0.07199513,0.0077896453,0.018597288,0.02364117,0.040750407,0.04356507,0.011744417
0.06181936,0.033660572,0.026703754,0.060032073,0.011726522,0.0719401,0.0077449647,0.018433763,0.023379637,0.04041539,0.04346763,0.011729528
0.061661817,0.033691365,0.026645167,0.060415804,0.011664153,0.071866244,0.0077153784,0.018334074,0.02320178,0.040152583,0.04340507,0.011732337
0.061531916,0.033723943,0.026599273,0.060798448,0.011591859,0.071767,0.0076968484,0.018269302,0.023071121,0.039979003,0.043402586,0.011743909
0.06149353,0.033780057,0.026563166,0.061186884,0.011512821,0.07166384,0.0076807644,0.018209392,0.022972409,0.0398688,0.04343795,0.0117649855
0.06153287,0.033855442,0.026540112,0.061608467,0.011424643,0.071514644,0.007662622,0.018149162,0.022903085,0.039809622,0.043504104,0.011794282
0.061668403,0.03396642,0.026522113,0.062061798,0.011328271,0.07140625,0.0076475926,0.018061677,0.022860654,0.039818827,0.043589912,0.011821368
0.061856948,0.034123387,0.026522908,0.06254956,0.01122736,0.07126499,0.007631665,0.01794571,0.02284602,0.03986347,0.04368836,0.011857288
0.062063515,0.034262083,0.026537113,0.06298462,0.011128108,0.07109625,0.007610813,0.017883964,0.022832548,0.039940722,0.043845985,0.01190404
0.062329475,0.034415998,0.026563713,0.0634227,0.011005389,0.07082447,0.0075941277,0.017762903,0.022842487,0.04005076,0.043998737,0.011962389
0.06261697,0.034581333,0.026604453,0.06386072,0.0108906515,0.07055375,0.007571209,0.017671403,0.022849327,0.040195573,0.044175573,0.012015092
0.06290133,0.034748334,0.02664231,0.06424192,0.010778144,0.0702967,0.0075475234,0.01762667,0.022843022,0.040324766,0.04438188,0.01207739
0.063173674,0.03491041,0.026683392,0.06456207,0.01066401,0.06999712,0.0075199213,0.017589865,0.022831826,0.040458985,0.044596683,0.012143743
0.06343767,0.035071302,0.026736164,0.06485716,0.01054814,0.06965172,0.007493082,0.017560842,0.022822646,0.040596977,0.044820234,0.012214373
0.06371559,0.03523272,0.026787573,0.06512883,0.010434885,0.06930614,0.007466436,0.017534709,0.022817718,0.04073659,0.04504226,0.012287493
0.06398846,0.03538515,0.026845695,0.06536089,0.010324902,0.068946704,0.0074399374,0.01751516,0.022815172,0.040881544,0.045267433,0.012364124
0.06423622,0.035537444,0.026899876,0.06561611,0.010216632,0.06857464,0.007415818,0.017503308,0.022810182,0.04103641,0.045484263,0.012441085
0.06447667,0.035683252,0.026957184,0.065838866,0.010111318,0.06820011,0.0073902844,0.017489439,0.022804383,0.04116951,0.04569303,0.012517966
0.06471106,0.03581376,0.027014518,0.06602322,0.010013921,0.0678441,0.0073682317,0.017487079,0.022806939,0.041309685,0.0458981,0.012594819
0.06494649,0.035940476,0.0270675,0.06622208,0.009918652,0.06749636,0.0073467474,0.017485613,0.022807855,0.041449778,0.04609309,0.012670735
0.06515422,0.036062744,0.027124096,0.06639375,0.009830849,0.06714915,0.007326027,0.017489571,0.022812136,0.04158477,0.04628507,0.012747907
0.06535401,0.036179215,0.027173556,0.06658877,0.009746136,0.06683142,0.00730711,0.017495586,0.022814881,0.04170564,0.046463534,0.012819308
0.06551781,0.03628275,0.027221043,0.06676275,0.009667665,0.06652566,0.007291241,0.017501257,0.022822509,0.041824203,0.046622764,0.012890411
0.06567456,0.03637086,0.027256623,0.06690723,0.0095928805,0.06624514,0.0072762873,0.017508328,0.022825811,0.041926377,0.046768244,0.012953147
0.06581778,0.03644994,0.027293308,0.06705144,0.0095241275,0.06599739,0.0072627123,0.017514028,0.022831134,0.042022966,0.046896245,0.013014712
0.065928735,0.036519438,0.02731981,0.06717973,0.009461179,0.06577045,0.007250374,0.017516227,0.022839742,0.04210364,0.047011316,0.013071511
0.066029236,0.036580887,0.027347017,0.06730556,0.0094023645,0.065567106,0.007240616,0.01752236,0.022844229,0.04218317,0.04711507,0.013124142
0.06609882,0.03662901,0.027365737,0.06743137,0.009348243,0.06539884,0.007232767,0.017525395,0.02285134,0.042251255,0.047195636,0.013171207
0.06616447,0.03666742,0.027382603,0.06752007,0.0092996,0.06524412,0.007225085,0.017526513,0.02285767,0.04230827,0.047263537,0.013214829
0.06623529,0.036708903,0.027395325,0.067611665,0.009255198,0.06512431,0.0072202836,0.017525338,0.022865852,0.04235831,0.04732724,0.013253562
0.06629875,0.03674431,0.027403684,0.0677007,0.009213448,0.06501963,0.0072172326,0.017525831,0.02287342,0.042408533,0.047382172,0.013288534
0.06635255,0.03677277,0.027411908,0.067778386,0.00917624,0.06492664,0.0072138608,0.017522324,0.02288155,0.042448014,0.04742431,0.0133220125
0.06642238,0.036803696,0.0274169,0.06785955,0.009142266,0.06486052,0.0072122016,0.017517991,0.022890752,0.04247993,0.047459587,0.013349249
0.06646552,0.03683068,0.027419277,0.067956105,0.009112194,0.06481575,0.00721117,0.017512355,0.022898026,0.04250754,0.047484316,0.013374042
0.066521525,0.036859553,0.027421981,0.068044685,0.00908417,0.06476549,0.0072115595,0.017504374,0.022907237,0.042533472,0.04751002,0.0133986585
0.06658425,0.036885284,0.027426934,0.068121225,0.009058734,0.06473501,0.007211539,0.01749615,0.022914585,0.04255764,0.04752966,0.013419887
0.06663335,0.036906447,0.027431557,0.06820347,0.009036939,0.064733066,0.007212362,0.017485548,0.022921605,0.042580638,0.047537982,0.013440288
0.066677816,0.03693718,0.027430464,0.068285905,0.009016929,0.064728804,0.007214465,0.017477816,0.022933077,0.04259254,0.047552776,0.013456635
0.06673188,0.036959823,0.027432416,0.06836218,0.008997402,0.064719975,0.0072165695,0.017466748,0.022939244,0.042601794,0.047557797,0.0134723615
0.06679492,0.036982518,0.027433842,0.06843074,0.008980712,0.06472725,0.0072187874,0.017455924,0.02294819,0.042613883,0.047565382,0.013486223
0.06685054,0.037006583,0.027434336,0.06850584,0.008965608,0.06474343,0.007221785,0.017444888,0.022956833,0.042625014,0.047570303,0.013499502
0.066900484,0.03702421,0.027431678,0.06856826,0.00895096,0.06476152,0.0072247726,0.017433874,0.022965176,0.042631727,0.047568914,0.013511008
0.06694685,0.037049238,0.027428467,0.06864767,0.008938563,0.06478414,0.0072281663,0.017422033,0.022974962,0.042635247,0.04756878,0.013521363
0.08976502,0.014314843,0.020032225,0.07992958,0.018561421,0.058190633,0.0036030535,0.029763805,0.01068128,0.026651893,0.04517421,0.016994007
0.06785711,0.013237613,0.021728326,0.07192458,0.015438983,0.057215307,0.0036447677,0.035437737,0.018492589,0.024425624,0.048526794,0.014701099
0.061233677,0.014458977,0.021496445,0.068508685,0.01599383,0.0464408,0.0034501199,0.041196734,0.01769452,0.022097662,0.04973643,0.016269445
0.06349169,0.015251313,0.02314189,0.070443526,0.01766891,0.03850058,0.0031532177,0.04410108,0.015779242,0.019874875,0.054377526,0.02008885
0.060125913,0.01757331,0.024407886,0.07236829,0.017223477,0.037238847,0.00313686,0.046319,0.017422289,0.018430648,0.05289245,0.022057552
0.05468376,0.0183088,0.024184732,0.061990634,0.017112598,0.032927863,0.0030977435,0.045654487,0.018280864,0.018024588,0.05055831,0.023102604
0.053670306,0.019026004,0.024630174,0.057063803,0.018007612,0.028693488,0.003289449,0.04710264,0.018168883,0.019126877,0.050619487,0.026357917
0.052166678,0.019456347,0.024977254,0.054385595,0.01792436,0.025575878,0.0034336466,0.048298337,0.018404417,0.020046875,0.051402897,0.028591432
0.050630786,0.019505665,0.025382958,0.04809321,0.017770657,0.02217103,0.0035502126,0.049029466,0.01800427,0.02147721,0.05171021,0.030502396
0.09484639,0.034260295,0.019773057,0.048444763,0.009888905,0.02447205,0.0038712658,0.022050112,0.04973022,0.0049393536,0.045206577,0.022050867
0.06865724,0.032172557,0.016942125,0.05969751,0.008784372,0.017167365,0.0027393873,0.024107201,0.031148259,0.003393329,0.046535254,0.0183345
0.11414297,0.03728184,0.02734184,0.07438065,0.010877642,0.028832035,0.0063112415,0.03252938,0.04482217,0.0064929007,0.04763394,0.022972291
0.11883541,0.037060585,0.026935529,0.08651808,0.010491739,0.030507455,0.0072147218,0.027416367,0.051326502,0.005603087,0.050240852,0.021790806
0.10196691,0.03528248,0.02273914,0.09286979,0.010166485,0.033477765,0.007853369,0.029428223,0.05218866,0.0048245382,0.045036566,0.019094683
0.10108522,0.036329985,0.022921003,0.10274115,0.011037296,0.038543485,0.010240402,0.029321615,0.050597906,0.005303401,0.04248998,0.020943176
0.10027347,0.037137244,0.023230812,0.1061058,0.011260853,0.039768193,0.011873231,0.029561114,0.05488385,0.0052998103,0.044114646,0.022740915
0.09651369,0.039985444,0.022423882,0.105833925,0.011359717,0.04133235,0.012548282,0.02890861,0.06214888,0.0050959825,0.04307296,0.023376377
0.09054367,0.0420263,0.022129975,0.100813225,0.01201109,0.043067083,0.013021329,0.026926557,0.06495946,0.0050928383,0.041442577,0.023949135
0.084506035,0.04219553,0.02139406,0.09459543,0.0127764195,0.042467788,0.013274556,0.025086902,0.06463242,0.005064922,0.040986177,0.023701217
0.06361647,0.038263656,0.025453323,0.07094363,0.016340826,0.040635876,0.015124845,0.025775624,0.055980768,0.009362853,0.042372044,0.02144447
0.048194144,0.02718875,0.029108297,0.04990784,0.008994158,0.04290881,0.010701035,0.02413811,0.0442638,0.0045734583,0.062099382,0.01087933
0.04498551,0.02677414,0.030670198,0.04309904,0.009643789,0.041934922,0.012510371,0.02736049,0.041166525,0.0061001866,0.06424088,0.0125548
0.040642183,0.024525335,0.035844557,0.04673541,0.008765869,0.044116363,0.012351506,0.027829291,0.046046656,0.0063754497,0.065587915,0.0099538425
0.03504574,0.023619162,0.03641135,0.050450675,0.008579906,0.04678513,0.011050931,0.026519928,0.047485445,0.0059960117,0.065905936,0.006126354
0.033571422,0.025197305,0.04070795,0.050895043,0.008958387,0.04917553,0.011098762,0.02618442,0.046995584,0.0068487474,0.064178735,0.0050749425
0.033969924,0.026596341,0.045403734,0.054097574,0.0094941445,0.051599804,0.011833656,0.026164407,0.045688584,0.0077444776,0.065143935,0.004580221
0.03438839,0.027614648,0.048294224,0.055576373,0.0098649785,0.05096888,0.01221786,0.025665507,0.043911733,0.00831793,0.06662113,0.004384628
0.034862407,0.027472315,0.050174475,0.05486323,0.009850685,0.04846498,0.01245757,0.025365762,0.042017557,0.008764792,0.06708999,0.004413236
0.035105713,0.026701834,0.05096072,0.054488845,0.009640875,0.04607205,0.012520113,0.025224779,0.039979562,0.009097366,0.06664737,0.004424944
0.035013676,0.026033318,0.05149578,0.053614806,0.009372876,0.04402184,0.012444619,0.025058834,0.03794994,0.009434788,0.065092914,0.0044249566
0.034514043,0.02547172,0.05221461,0.052039564,0.009166989,0.042535327,0.012441161,0.024807611,0.03593668,0.009817249,0.06275552,0.0044270284
0.033916947,0.02493714,0.05235464,0.05133913,0.009120908,0.042354792,0.012499878,0.024484918,0.034210946,0.0100142,0.06100283,0.0043678177
0.033418886,0.024752242,0.05204874,0.051189765,0.009157015,0.042611625,0.012620873,0.024219818,0.032743,0.010118059,0.060123317,0.0043127933
0.033112884,0.02481698,0.051793464,0.05102001,0.009222615,0.042990245,0.012786985,0.024022108,0.03156495,0.010208259,0.059727978,0.004297751
0.032974117,0.0249589,0.05166013,0.050845936,0.00928118,0.043400817,0.0129748555,0.023842767,0.030681979,0.01028818,0.059618764,0.0043048086
0.032965187,0.025150083,0.051550098,0.050697967,0.009335418,0.043830935,0.013166354,0.023669029,0.029994316,0.010359867,0.059674453,0.0043159234
0.03302076,0.025361361,0.051505804,0.050511315,0.009386479,0.044202264,0.013368752,0.023471242,0.029429767,0.010423463,0.059811883,0.00432967
0.037336953,0.026482008,0.051343422,0.052708343,0.011788509,0.04322354,0.016157087,0.03302266,0.023998914,0.013576453,0.05662136,0.011092348
0.035243977,0.022892756,0.05244148,0.05281143,0.011610104,0.044497952,0.018464949,0.033493385,0.027297556,0.013806423,0.06955515,0.009658114
0.036289822,0.02440972,0.05184843,0.055381574,0.011486423,0.04456052,0.017530356,0.031880695,0.028548118,0.013991998,0.07271677,0.010241808
0.035946652,0.025379047,0.048711073,0.056629278,0.012225171,0.047772627,0.018543689,0.03178222,0.02999317,0.015007346,0.06647498,0.012034341
0.033698484,0.025196645,0.046049785,0.059752557,0.012810959,0.050226245,0.018172095,0.03235718,0.033223953,0.014709527,0.07084151,0.012009184
0.03329693,0.026365418,0.04536187,0.06273442,0.01417965,0.05405723,0.01854111,0.03357868,0.03693726,0.014998818,0.074549474,0.013093834
0.034968324,0.02796045,0.045943987,0.063784234,0.015708677,0.056894217,0.01951095,0.03460274,0.038698718,0.016298035,0.07310139,0.014481323
0.03633683,0.028978288,0.046379127,0.062738456,0.016756648,0.056597415,0.019970294,0.035260327,0.038746078,0.017485743,0.07065378,0.01522025
0.0373736,0.029915234,0.04683622,0.06041,0.017436398,0.053947553,0.020300824,0.035239875,0.03817514,0.018340994,0.06812987,0.015896088
0.03822301,0.030777318,0.047246967,0.058295768,0.017889895,0.05109893,0.020707153,0.034839567,0.037488706,0.018965116,0.06552805,0.016602619
0.038565207,0.031238578,0.047161654,0.057132322,0.018174699,0.04916903,0.020963963,0.034288697,0.037293702,0.019169305,0.063588314,0.016971724
0.038047526,0.03128646,0.046565436,0.056638923,0.018483875,0.0482437,0.021148194,0.03386942,0.03775366,0.018961314,0.06311007,0.01706991
0.037291285,0.03130356,0.045947496,0.05657495,0.0189892,0.04809028,0.021444943,0.03380509,0.03858292,0.018742641,0.06374691,0.01724029
0.036915906,0.031564143,0.045654133,0.05697198,0.019723853,0.04841908,0.02187663,0.034080643,0.039450876,0.01873931,0.06456969,0.017539563
0.036868274,0.03196721,0.045612387,0.057419464,0.020467518,0.048681617,0.022293735,0.034460835,0.040115092,0.018903077,0.06488896,0.01785547
0.036987036,0.03239074,0.04564978,0.057476193,0.02109222,0.04855245,0.022682799,0.034773182,0.04039536,0.019182026,0.06436468,0.018171418
0.037164755,0.032763936,0.04565754,0.0571283,0.021552391,0.04794715,0.023014678,0.034951854,0.040342003,0.0195146,0.06317602,0.018475728
0.037312124,0.033079922,0.045591444,0.056612607,0.021869196,0.047018167,0.023279816,0.034956634,0.040177666,0.019831797,0.061754685,0.018754805
0.03734794,0.033304367,0.0454364,0.056092445,0.022098137,0.04602488,0.023481976,0.034823406,0.040126637,0.020094851,0.060374614,0.019008467
0.03728463,0.033448704,0.04520364,0.05569081,0.022320721,0.045199096,0.023638159,0.03465551,0.040293306,0.02031927,0.0591059,0.019249342
0.037171215,0.033560254,0.044957157,0.055440817,0.022590153,0.044601113,0.02378237,0.034528404,0.040643197,0.0205493,0.057920344,0.019503785
0.037098218,0.03371595,0.04476095,0.05533748,0.022934409,0.04419058,0.023942243,0.034466725,0.04108809,0.020834329,0.05671916,0.019804543
0.03710188,0.03394129,0.04463046,0.055308532,0.023339095,0.043849584,0.024135038,0.034441303,0.041523032,0.021184815,0.055402137,0.020157393
0.037183683,0.03422955,0.044532493,0.055262238,0.023772316,0.04346803,0.024345702,0.034404606,0.041861475,0.021593511,0.053921763,0.020552717
0.03730547,0.03454354,0.04442199,0.05512524,0.024197334,0.04296356,0.02455822,0.034303676,0.042074297,0.022032809,0.05232512,0.02097661
0.037426498,0.034856398,0.044261236,0.05490582,0.024603046,0.04232424,0.024771098,0.034127332,0.04218249,0.022476764,0.05070189,0.021421576
0.037535086,0.035146438,0.04402717,0.05462491,0.024992159,0.04160703,0.024979008,0.033872876,0.04224938,0.022909718,0.049139343,0.021888386
0.03763009,0.0354089,0.043720048,0.05433881,0.025387937,0.04089831,0.025189906,0.03357487,0.04231939,0.023331096,0.047669914,0.02238145
0.037724607,0.035656486,0.04335233,0.054066323,0.02581245,0.04024635,0.025404477,0.033253953,0.042413846,0.023739582,0.04631863,0.022903278
0.037850842,0.035901807,0.04294358,0.053817596,0.026291002,0.039691225,0.0256473,0.03293751,0.04250776,0.024151204,0.045074876,0.023474565
0.03801811,0.03615236,0.04249804,0.05359242,0.026823107,0.039206553,0.025912078,0.032626305,0.042569656,0.024560837,0.043942098,0.024089264
0.038234137,0.03641016,0.042032577,0.05334913,0.027398495,0.038766827,0.026199937,0.032317683,0.04257327,0.024969812,0.042909775,0.024742216
0.038487338,0.03665959,0.041550294,0.053079896,0.027981777,0.038334485,0.026485197,0.032008745,0.04251006,0.025370663,0.041979376,0.025409164
0.038760304,0.036893483,0.041063704,0.052783698,0.028531725,0.03788163,0.026752751,0.031691317,0.0424125,0.025752576,0.04116813,0.026060311
0.039061435,0.037098505,0.040586103,0.05248367,0.029019684,0.03742028,0.026971161,0.031395208,0.04230271,0.026126329,0.04046214,0.026667738
0.039370723,0.037267108,0.040135957,0.05219151,0.029405352,0.036937814,0.02713192,0.031113882,0.04223468,0.026478892,0.039877288,0.027212342
0.03968897,0.03739025,0.03972044,0.05193061,0.02968608,0.036448758,0.027230153,0.030864116,0.042220604,0.026816456,0.039411407,0.027684962
0.04001843,0.037468977,0.03934422,0.051707316,0.029867925,0.03597252,0.027270209,0.030650947,0.04225739,0.027139384,0.039051425,0.02807935
0.04035555,0.03751839,0.039018217,0.05154103,0.029986082,0.035526697,0.027273018,0.030477341,0.042327955,0.027447935,0.038784403,0.028407972
0.040686056,0.037547413,0.038736522,0.051404417,0.030046549,0.035114534,0.027248865,0.030330475,0.042407285,0.027730633,0.038599286,0.028673325
0.04099461,0.037573997,0.038493212,0.051288914,0.03007704,0.034742795,0.02721148,0.030202528,0.04247892,0.027986651,0.038469985,0.028883705
0.041269753,0.03760438,0.03827875,0.05117918,0.030081365,0.034412585,0.027165055,0.030080438,0.042539377,0.028205736,0.03838917,0.0290417
0.04150459,0.03764621,0.038096026,0.051068727,0.030074315,0.034126744,0.027121274,0.029966574,0.042581514,0.02839565,0.03834086,0.02916381
0.041694522,0.03770037,0.037929725,0.050959345,0.030053528,0.03388128,0.027082324,0.029854333,0.04261608,0.028551957,0.03831743,0.029250182
0.041852523,0.03777092,0.037779704,0.050845478,0.030033106,0.033675674,0.02704466,0.02974408,0.042642217,0.02868089,0.038307592,0.029312067
0.070263736,0.058693163,0.020155681,0.06413982,0.0160192,0.03376722,0.020799872,0.010675421,0.096340254,0.0065134517,0.022775913,0.027388526
0.0720001,0.061835647,0.019532045,0.06844627,0.013806937,0.03667534,0.017191157,0.017577987,0.073484205,0.006396586,0.024555154,0.023448475
0.081367716,0.05742749,0.01963179,0.072930686,0.01692163,0.036007356,0.021318005,0.0185992,0.06945792,0.006774312,0.030050576,0.025763134
0.08313815,0.057740472,0.018700616,0.07815924,0.015426595,0.03467468,0.01982609,0.017412543,0.06895945,0.006465413,0.032166693,0.023715263
0.07566538,0.057285924,0.018629149,0.075575314,0.015308762,0.034751534,0.018664014,0.01810414,0.07453179,0.0064222123,0.031655837,0.023215644
0.06787498,0.056449294,0.018741647,0.07178702,0.0173499,0.035292692,0.018712925,0.018070778,0.0785808,0.0067683854,0.03073986,0.023994531
0.06267105,0.05598393,0.018871643,0.069100305,0.018377254,0.034987196,0.017830458,0.017834092,0.0776747,0.006875261,0.030990193,0.023715612
0.04888797,0.04904447,0.02853916,0.054623894,0.02557596,0.035861004,0.022411255,0.022447743,0.053526692,0.0124804815,0.036349736,0.023486974
0.05582598,0.048035514,0.031916387,0.054141898,0.028867295,0.036274485,0.023279063,0.025856104,0.04643592,0.014853934,0.034993,0.02687519
0.0466042,0.050260298,0.032889765,0.05371891,0.030528355,0.03528786,0.024990309,0.02375407,0.05266699,0.01616523,0.035536904,0.028159237
0.021979185,0.031123785,0.033162568,0.044011917,0.010458865,0.028303059,0.0177416,0.018345904,0.029110577,0.0039859125,0.06332169,0.0073373714
0.028139077,0.030604513,0.034192346,0.045757946,0.010439415,0.036442824,0.015739953,0.022376461,0.029208928,0.0063782106,0.058739003,0.007994568
0.029990299,0.036015514,0.038184833,0.05156713,0.010883606,0.041013185,0.017781014,0.022759277,0.031702787,0.0070690014,0.06294303,0.006775454
0.028970016,0.039222978,0.04098886,0.05627533,0.010502621,0.04441976,0.017828204,0.022847854,0.03537809,0.007335413,0.06328333,0.0054734442
0.03043203,0.03895647,0.04508849,0.0540155,0.010768159,0.045674663,0.017996918,0.02300666,0.035165064,0.0082017025,0.062068675,0.0050387667
0.03187129,0.0372739,0.048150003,0.05081126,0.010608944,0.04500807,0.01859224,0.022217212,0.033282906,0.008937089,0.06376328,0.0049652173
0.032161336,0.03543701,0.04908709,0.04888069,0.010282098,0.043532133,0.01826922,0.02154837,0.032141533,0.009255198,0.06368728,0.004909551
0.032184824,0.033201177,0.049404256,0.048255812,0.010142004,0.042795245,0.01796028,0.02148252,0.03132361,0.009501918,0.061857663,0.004877597
0.03188896,0.031599842,0.04922274,0.04817066,0.01001324,0.042390924,0.017986458,0.021478899,0.030513342,0.009594828,0.060663115,0.0048558805
0.031321038,0.030569477,0.048794374,0.04828801,0.009911709,0.04243447,0.017907355,0.02151341,0.029936004,0.009599872,0.059819132,0.0048461063
0.044564653,0.018168148,0.029338285,0.056103844,0.012701857,0.03664567,0.011211611,0.026560286,0.018185567,0.0135616325,0.04659249,0.0048050256
0.04363173,0.01936204,0.0379236,0.04565703,0.017837716,0.034372393,0.012357435,0.03168119,0.025446305,0.017457487,0.044828504,0.005711738
0.046117518,0.018096564,0.03441664,0.046364196,0.01757457,0.033953857,0.010102205,0.030306457,0.02785705,0.017495183,0.043915678,0.004621452
0.052660506,0.01916146,0.03307164,0.04687406,0.02215387,0.036423303,0.008350347,0.030132072,0.026123712,0.019875418,0.04185155,0.004826631
0.053503137,0.019405892,0.0339672,0.045184065,0.025494507,0.0365194,0.008950483,0.031497855,0.027015368,0.02199821,0.046418626,0.004962671
0.05423477,0.01899712,0.034432035,0.043642126,0.028105706,0.034736842,0.008742574,0.03231056,0.026072169,0.023906939,0.047906313,0.0051291278
0.057032548,0.018282982,0.034374695,0.041268043,0.029091557,0.03524865,0.008540631,0.03280347,0.024546977,0.02581178,0.045603175,0.0056227124
0.05727926,0.017621212,0.033842247,0.039389208,0.029178014,0.0347978,0.008776815,0.033352323,0.023534779,0.027159024,0.044764783,0.005972424
0.057171546,0.017136386,0.033250153,0.03757628,0.02908673,0.034102105,0.008803529,0.03374287,0.022643678,0.02783798,0.043948967,0.0062215608
0.05781083,0.01663378,0.03263254,0.035973195,0.028892344,0.03404293,0.00873452,0.03391639,0.021796316,0.028155629,0.042460673,0.0064787874
0.058618646,0.01627137,0.032105114,0.034892756,0.028825019,0.034070313,0.0087911,0.03389024,0.02107205,0.028439723,0.0412284,0.0066814004
0.060059063,0.016128998,0.03192946,0.034138896,0.029033022,0.034186047,0.008879324,0.03349417,0.020362627,0.028838078,0.04019161,0.0068362816
0.061702717,0.01594119,0.0320072,0.033501264,0.029234577,0.034519233,0.008953122,0.033056375,0.019664677,0.029092798,0.03918556,0.0069967816
0.06276736,0.015685795,0.032153737,0.032973897,0.029344397,0.034833066,0.0090429485,0.032907642,0.019125534,0.029117946,0.038523085,0.007175849
0.0634212,0.015490159,0.032320403,0.03253971,0.0294681,0.035035543,0.009155341,0.032939132,0.018764842,0.029073868,0.038182747,0.007358894
0.06399008,0.01533963,0.032478224,0.03214077,0.029610008,0.035189703,0.009286404,0.03302711,0.018504463,0.029015318,0.037955493,0.007542692
0.06451599,0.015205999,0.03260948,0.031766962,0.029784778,0.035321593,0.009441305,0.033138596,0.018287048,0.028941486,0.037740324,0.0077219014
0.064964056,0.0150800925,0.032705337,0.031418033,0.02999078,0.0354297,0.009610533,0.033265006,0.018093046,0.028857775,0.03752031,0.007893239
0.06536972,0.014965083,0.03279104,0.031075658,0.030247565,0.03552915,0.009793817,0.033392943,0.017905207,0.028773017,0.037288617,0.008060108
0.06575963,0.0148593,0.032862112,0.030754307,0.030560978,0.035639804,0.009985876,0.03352007,0.017721154,0.028670564,0.037045848,0.0082206605
0.0661251,0.0147706615,0.03293498,0.030469615,0.030923959,0.035759315,0.010186419,0.03364365,0.017541183,0.028554479,0.036820963,0.008372591
0.06646848,0.014701305,0.033014987,0.030232297,0.03133451,0.035880595,0.010384868,0.03375019,0.017375696,0.028410818,0.036636043,0.008511468
0.06680936,0.014668988,0.033104423,0.030057859,0.031803917,0.03601251,0.010571546,0.03381168,0.01723311,0.02824218,0.036513723,0.008631515
0.06712794,0.014683689,0.03322405,0.029988505,0.032272432,0.036107864,0.010726547,0.033818364,0.01715153,0.028029753,0.036522876,0.008720477
0.06740985,0.014752091,0.03336744,0.030032873,0.03272325,0.036162257,0.01083572,0.033742126,0.017141912,0.027781593,0.036670264,0.008768488
0.06761818,0.014870208,0.03352821,0.030185686,0.033140734,0.03619492,0.010896827,0.03361423,0.017209342,0.027548129,0.036918767,0.008776877
0.06774595,0.015025317,0.033746704,0.030404704,0.03334969,0.036180876,0.010890292,0.033487104,0.017380454,0.027328003,0.03728246,0.008741532
0.06780527,0.015171607,0.033997647,0.030610725,0.033349242,0.036178797,0.010845436,0.033425614,0.017602757,0.027200567,0.03762065,0.008688873
0.067852266,0.015279119,0.03425983,0.030756148,0.033183187,0.036219567,0.010785192,0.033446398,0.01783694,0.027143119,0.037872095,0.008632927
0.06790297,0.0153515255,0.03451419,0.03087541,0.032932006,0.036285527,0.010724741,0.033518042,0.01805647,0.027134294,0.03803696,0.008584227
0.06797914,0.015387367,0.034747098,0.030960642,0.032669187,0.036335986,0.010672496,0.033615697,0.018239204,0.027139628,0.03812776,0.008546487
0.062165193,0.012849781,0.014115903,0.070365146,0.007212239,0.030756205,0.023414617,0.05119578,0.025451533,0.012976254,0.023619745,0.005788756
0.0649976,0.01573928,0.021928731,0.08697573,0.008673583,0.026993448,0.020695068,0.054074705,0.03335999,0.012636967,0.04002142,0.0071257018
0.060391743,0.014538502,0.02447985,0.103835225,0.007895696,0.032843925,0.017139308,0.06304908,0.034675434,0.010104324,0.036007687,0.0068927314
0.078519344,0.014179789,0.02709162,0.118144214,0.007895741,0.03129871,0.019226529,0.062023956,0.040706478,0.009742933,0.038279805,0.0059619416
0.08731213,0.013041778,0.027524764,0.105253816,0.005794892,0.0297196,0.019145397,0.060350142,0.042337682,0.009794303,0.046298005,0.005857203
0.10689265,0.014925286,0.02425081,0.114837684,0.005816989,0.028184278,0.018283676,0.050918635,0.043553885,0.010100733,0.04757156,0.007238477
0.12623699,0.017997352,0.023155492,0.11696766,0.0057119294,0.027555877,0.016679902,0.038752247,0.045290004,0.0098425485,0.047159564,0.007958647
0.121791966,0.01913323,0.023222184,0.11007567,0.005227076,0.027847275,0.016940797,0.03128075,0.045309585,0.010046026,0.047006655,0.008736348
0.09566563,0.018543666,0.021744387,0.10610612,0.0051952424,0.028240269,0.01741571,0.028380105,0.04389602,0.010185688,0.044639654,0.009718756
0.06874028,0.01706224,0.019481638,0.09720106,0.0051784324,0.027796028,0.018389663,0.028189274,0.04360605,0.009737267,0.043971702,0.010632212
0.053887475,0.015718589,0.017232899,0.08824721,0.0050868136,0.026614815,0.019498166,0.028505513,0.043866944,0.009126957,0.045239672,0.011541296
0.047407493,0.015001861,0.01532572,0.08529944,0.0049708155,0.025405427,0.019880082,0.028282285,0.043937024,0.008661917,0.04632169,0.011990544
0.043964487,0.014653523,0.01414448,0.08546551,0.0048081367,0.024672888,0.01974685,0.028006682,0.044662584,0.008241299,0.047052886,0.012026333
0.041956976,0.014495015,0.013531093,0.08690053,0.0046798605,0.024534224,0.019695988,0.028066885,0.045776285,0.007941201,0.047924187,0.011949106
0.040913545,0.014492365,0.013125366,0.08974802,0.004623721,0.024871258,0.01980232,0.028410768,0.04678896,0.0077717947,0.048890054,0.011814167
0.04027134,0.014587883,0.012862627,0.093100876,0.00460894,0.02543583,0.019978423,0.028741049,0.047465682,0.007677375,0.04977901,0.011662917
0.03962393,0.014709326,0.012743155,0.09589708,0.0046151043,0.026030445,0.020207116,0.028923796,0.047753595,0.007613067,0.050471567,0.011557087
0.038922068,0.014815047,0.012696119,0.097878784,0.004631507,0.026505386,0.020450206,0.028972728,0.047716867,0.0075641037,0.05094644,0.011508241
0.03826723,0.014899775,0.012676183,0.09907484,0.004640872,0.026791764,0.02067128,0.028867906,0.047534302,0.007512035,0.051261432,0.011515951
0.037670445,0.0149514545,0.012655914,0.09973784,0.0046317577,0.026900288,0.020815328,0.028662274,0.047371153,0.0074488064,0.05143761,0.011546672
0.03714183,0.014970504,0.0126184365,0.10025933,0.0046105767,0.026922045,0.02088645,0.028424054,0.04731521,0.007377986,0.051527824,0.011583164
0.036682572,0.014963136,0.012567145,0.10090168,0.004584086,0.026926694,0.02089428,0.02819561,0.04735707,0.007306913,0.051554628,0.011609087
0.036297593,0.014948932,0.012520572,0.101749055,0.0045628594,0.026970912,0.020871667,0.028026983,0.047469914,0.007243358,0.051589977,0.011624631
0.03597292,0.014931964,0.012487053,0.102760576,0.0045487215,0.027066018,0.020840788,0.027892763,0.047585137,0.0071890866,0.05162194,0.011632741
0.035691187,0.014922063,0.012470723,0.10383722,0.004543167,0.02719174,0.020819463,0.027795477,0.047676764,0.007142389,0.051675837,0.011640397
0.035447165,0.014918495,0.012475722,0.10486106,0.004542154,0.027317155,0.020806905,0.027698644,0.047710225,0.0071023004,0.05170227,0.011655318
0.035230782,0.014923936,0.012502286,0.10568487,0.004541817,0.027402619,0.020792035,0.027598433,0.047714733,0.007062805,0.051708546,0.011673892
0.035043467,0.014941738,0.012541501,0.10636505,0.004540994,0.027454078,0.020783367,0.027493969,0.047698703,0.007023102,0.051712148,0.01169996
0.034883127,0.014956742,0.012581548,0.1069194,0.0045386106,0.027476342,0.020778665,0.027374221,0.047673065,0.0069842963,0.05171231,0.0117381485
0.034739166,0.014958737,0.012619179,0.10732025,0.0045335847,0.027480777,0.020775935,0.02727876,0.047659665,0.0069510625,0.05173488,0.0117772
0.03448149,0.014931009,0.012628992,0.108005874,0.004539653,0.027410055,0.02077988,0.027233386,0.047888167,0.0068932506,0.051763874,0.011822682
0.03433671,0.0149197,0.0126398355,0.1084847,0.0045327437,0.027404398,0.020788157,0.027144754,0.04795829,0.006859496,0.0518371,0.0118734725
0.034224775,0.014899293,0.0126540605,0.10878613,0.0045241173,0.027431296,0.020792112,0.02708721,0.04794503,0.0068401583,0.05191235,0.011909134
0.034104284,0.014879206,0.012666303,0.10908096,0.0045166225,0.027469644,0.02081185,0.027052043,0.047924496,0.0068240487,0.05200381,0.011943438
0.03397803,0.014862176,0.012672835,0.10940832,0.004509065,0.02751097,0.020835986,0.027020982,0.047911678,0.006808844,0.05210727,0.01197687
0.03385766,0.014843149,0.012678229,0.10969848,0.0045009386,0.027543264,0.020862825,0.026995048,0.047889147,0.0067962436,0.052203283,0.012012484
0.033728883,0.014824989,0.0126802595,0.10996665,0.004493452,0.02758445,0.020898685,0.026968973,0.047849875,0.006786395,0.05230244,0.012049993
0.033594973,0.014804981,0.012683776,0.110198736,0.004485635,0.027618323,0.02093009,0.026952568,0.0478229,0.0067753387,0.052401524,0.012086639
0.033463866,0.014784665,0.012683847,0.110404395,0.004477995,0.02766145,0.02097327,0.02693562,0.047789536,0.006766622,0.052508175,0.012127554
0.03331877,0.0147631,0.012679811,0.110617675,0.004470597,0.02770116,0.021010475,0.026926894,0.047751095,0.0067591043,0.052613538,0.012166766
0.033183936,0.014742245,0.012678242,0.1108082,0.004463284,0.02774158,0.021052402,0.026919685,0.047710855,0.006751845,0.05271914,0.012204182
0.03304877,0.014721349,0.012674624,0.110965274,0.0044567795,0.027787182,0.021098994,0.026914408,0.047674537,0.0067472034,0.052824195,0.012241881
0.032893945,0.014696286,0.012668014,0.111125715,0.0044497503,0.027830513,0.021143522,0.026909828,0.04763751,0.0067402627,0.052928336,0.01228152
0.032760516,0.014675736,0.012664431,0.11127931,0.0044439766,0.027881013,0.02119236,0.026908765,0.04759063,0.0067366688,0.0530383,0.012318457
0.03261963,0.014649642,0.012658392,0.11141215,0.0044377237,0.027924314,0.021239102,0.02690808,0.047552332,0.006732144,0.053143963,0.012355881
0.03248084,0.014625976,0.012653042,0.11152998,0.0044325865,0.027974678,0.021284351,0.026908353,0.047502607,0.0067278086,0.053253658,0.012389851
0.032342497,0.014600446,0.012646514,0.111661635,0.004427287,0.028025717,0.021332836,0.026908582,0.04745311,0.0067252214,0.053354844,0.012423809
0.03221145,0.01457683,0.012642163,0.111775376,0.004423119,0.028074749,0.021385103,0.026906792,0.047408663,0.0067230333,0.053462613,0.01245872
0.032076698,0.014547359,0.0126353735,0.1118656,0.0044180993,0.028122265,0.021430453,0.026906352,0.047355983,0.0067195636,0.053565055,0.012490065
0.031944994,0.014518458,0.0126309125,0.11196895,0.00441412,0.028178688,0.021476742,0.026905956,0.04731118,0.006716849,0.05366397,0.012520997
0.031821895,0.014484053,0.012626667,0.11206064,0.004409952,0.028227413,0.021522446,0.026903683,0.04724887,0.0067149317,0.053757578,0.012552389
0.03168663,0.01444135,0.012626952,0.112153016,0.004407351,0.02829413,0.021564236,0.026913853,0.047182184,0.0067130867,0.05385143,0.012585252
0.031557437,0.014374761,0.012632988,0.11232571,0.004404345,0.028372357,0.021610962,0.026928099,0.047081694,0.0067118253,0.053929556,0.012624551
0.031415984,0.014268031,0.012653173,0.11253991,0.004402942,0.02848488,0.021652171,0.026964493,0.046933,0.0067102355,0.053986423,0.012676702
0.0312746,0.014114164,0.012686308,0.112903886,0.004401891,0.028640402,0.02168557,0.027022455,0.046721287,0.0067102453,0.054032963,0.012744823
0.031136336,0.013930281,0.012723212,0.11329371,0.004400804,0.028815374,0.021703208,0.027091369,0.04650423,0.006707411,0.054085676,0.012826292
0.03100681,0.013752464,0.01275592,0.113616206,0.0043981373,0.028965103,0.02169817,0.027155623,0.046344783,0.006698238,0.054151412,0.012897603
0.030885695,0.013605219,0.012765839,0.11391602,0.0043936004,0.02907548,0.021675628,0.027208792,0.04624074,0.006681322,0.054222405,0.012939606
0.030794706,0.013495463,0.012771458,0.114166684,0.0043898183,0.029152784,0.021664482,0.027253753,0.046174962,0.006663929,0.054306343,0.012960445
0.030715704,0.013413967,0.01277001,0.11446339,0.004383502,0.02922072,0.021653771,0.027276704,0.046109922,0.0066453354,0.054370563,0.012960537
0.030657794,0.013354677,0.012774176,0.11470824,0.004376631,0.029262254,0.021656683,0.027294897,0.046050813,0.006629556,0.054422762,0.012952506
0.03059984,0.013310524,0.012772301,0.11496707,0.004371691,0.02930968,0.021658428,0.027302805,0.045998476,0.006614431,0.054470036,0.012941349
0.030552598,0.013273233,0.012774424,0.1152099,0.004366404,0.029346904,0.021669455,0.027301855,0.045950893,0.006602051,0.054505266,0.012936337
0.030510185,0.013241032,0.012780799,0.1154102,0.004361705,0.029380135,0.021679332,0.027299961,0.0458944,0.0065923007,0.054532785,0.012926684
0.03046245,0.013209191,0.012787197,0.115609825,0.004357168,0.029415425,0.021691928,0.02729458,0.045854695,0.00658176,0.054559145,0.012921751
0.030419903,0.013175316,0.012790556,0.11580956,0.004353554,0.029447755,0.021704225,0.027286828,0.04581458,0.006573943,0.05458404,0.012917846
0.030382551,0.013139753,0.012798691,0.115992986,0.004349587,0.029476805,0.02171418,0.02728198,0.045774773,0.0065667033,0.05460251,0.012913179
0.030347921,0.013108577,0.012806117,0.116165936,0.004345816,0.029508153,0.021724692,0.027271861,0.04573917,0.0065602423,0.05462165,0.012908017
0.03031069,0.013078858,0.0128110545,0.11632348,0.004343153,0.02953115,0.021732057,0.027258841,0.04570728,0.0065538962,0.05463462,0.01290617
0.030279044,0.0130534,0.012818703,0.11645087,0.0043406733,0.029552087,0.021745458,0.02724984,0.0456835,0.0065470603,0.054646913,0.012908273
0.030246131,0.0130298445,0.01282466,0.11657443,0.0043390947,0.029570388,0.021752467,0.027237209,0.045670163,0.0065387473,0.05466115,0.012911628
0.030216465,0.01299564,0.012834566,0.116716355,0.0043358207,0.029590067,0.02176742,0.027226983,0.04565324,0.006532345,0.054669775,0.012912557
0.030184735,0.012951811,0.012842107,0.11685868,0.0043323063,0.029614598,0.021777255,0.027214244,0.04562003,0.0065254415,0.054688517,0.012907635
0.030150492,0.012911513,0.012847555,0.117008984,0.0043294663,0.029636078,0.021785296,0.0272059,0.045597523,0.0065192683,0.054708242,0.0129025085
0.03011511,0.012853113,0.012858354,0.117191434,0.0043235896,0.029667038,0.021790616,0.027206292,0.04556311,0.0065130387,0.05472737,0.012884514
0.030085174,0.0128134675,0.0128659215,0.117325,0.0043208664,0.029686658,0.02180417,0.02719349,0.04554453,0.0065068183,0.054751553,0.012884211
0.030055175,0.0127878105,0.012871059,0.117424935,0.0043188133,0.02969868,0.021808485,0.027184369,0.045530844,0.006502015,0.05477132,0.012887159
0.03003097,0.012746215,0.012881585,0.11752825,0.0043147,0.029715916,0.0218188,0.027177418,0.045507982,0.006496823,0.054784015,0.012880398
0.030006388,0.012694457,0.012894083,0.11765876,0.004310822,0.029742243,0.021825427,0.027174586,0.04547477,0.006494239,0.054801382,0.012864377
0.029985376,0.012648884,0.012902576,0.11779672,0.004306052,0.02976812,0.021831159,0.02716953,0.045441072,0.0064908923,0.05481709,0.012849871
0.029964568,0.012595702,0.012915269,0.11792878,0.0043016663,0.029797468,0.021842835,0.027164659,0.045405224,0.0064880513,0.054840263,0.012836366
0.029944079,0.012550161,0.012931612,0.118031204,0.0042978656,0.029825654,0.021853551,0.027163101,0.04537773,0.006487941,0.054871894,0.0128270285
0.02994403,0.012515662,0.012964783,0.11818567,0.004297841,0.029930826,0.021892732,0.027154617,0.045391813,0.006504183,0.055023648,0.012846424
0.029979844,0.012423809,0.013048401,0.11860532,0.0042969454,0.030227834,0.022003587,0.027144535,0.045457635,0.006548453,0.055451006,0.012895678
0.030036643,0.012376346,0.013139133,0.11905806,0.0043058535,0.03061292,0.022134524,0.027125021,0.04561096,0.006615145,0.056037594,0.012998596
0.030041395,0.01237708,0.013156502,0.11934827,0.0043136408,0.030779244,0.022186685,0.02710743,0.04573175,0.00663572,0.05631827,0.013069179
0.030020095,0.012350378,0.013163176,0.119544625,0.0043154806,0.030810125,0.022203172,0.027095202,0.045761082,0.006635293,0.056389917,0.013092824
0.030003274,0.012348627,0.013169881,0.11959547,0.0043173027,0.030787855,0.02221685,0.027084459,0.045781158,0.006631346,0.056431502,0.013120635
0.02998191,0.01235843,0.01316998,0.11962301,0.004319673,0.030757952,0.022229165,0.027062139,0.045808174,0.0066255475,0.056464545,0.013150676
0.029973406,0.012372446,0.013167544,0.119603656,0.004321712,0.03072254,0.022241557,0.027031567,0.045833826,0.0066211927,0.056480434,0.013187224
0.02995751,0.012385961,0.013166962,0.11958049,0.0043231132,0.030683218,0.022248957,0.02700727,0.045874946,0.0066157817,0.056501918,0.013220956
0.0299432,0.012389922,0.013165077,0.11957062,0.004323789,0.03066587,0.022255,0.026989365,0.04590997,0.0066113267,0.0565172,0.0132453265
0.029927608,0.012388154,0.01316392,0.11959424,0.0043246243,0.030650854,0.022259654,0.026975526,0.045937713,0.0066080764,0.05654153,0.013264141
0.029917054,0.0123984665,0.013163158,0.119590834,0.0043264893,0.030637464,0.022264507,0.02696651,0.045966566,0.006605679,0.056567773,0.013287566
0.0299035,0.01238599,0.013169161,0.11961116,0.0043255524,0.030640814,0.02227642,0.026962679,0.045974933,0.0066041746,0.05659257,0.013294902
0.02989779,0.01241699,0.0131650595,0.11955396,0.0043283715,0.030618569,0.022287086,0.026942099,0.046013284,0.0066007567,0.056612656,0.013330138
0.029912483,0.012590229,0.013137137,0.11918662,0.0043426044,0.030512977,0.022293683,0.026870621,0.04616424,0.0065957834,0.05662809,0.013459902
0.0299064,0.012606583,0.0131355375,0.11904592,0.0043442002,0.03048303,0.022301495,0.026847694,0.04619021,0.0065922663,0.05663487,0.013486681
0.029896125,0.012590668,0.0131325945,0.119058624,0.004343149,0.03048666,0.022305707,0.02685365,0.04618877,0.0065901647,0.056647487,0.013482
0.029884545,0.012569191,0.013132853,0.11909925,0.004340579,0.030495973,0.022311583,0.02685722,0.04617036,0.0065888697,0.05665952,0.013472845
0.029865349,0.012544129,0.013134621,0.11914101,0.0043385923,0.030504491,0.02231486,0.026858006,0.046167012,0.00658618,0.056669693,0.013466515
0.029852694,0.012518609,0.013136779,0.11918348,0.004336251,0.030512927,0.0223177,0.026860824,0.046157658,0.0065846075,0.05667645,0.013457249
0.029840905,0.012493029,0.01314068,0.11922706,0.0043345857,0.030528512,0.022321943,0.026865479,0.046146985,0.006583341,0.05668685,0.0134478705
0.02982931,0.0124673415,0.013145734,0.11927298,0.00433245,0.030539146,0.022323947,0.026867773,0.046136122,0.006581829,0.05669658,0.0134371715
0.029814908,0.01244054,0.013149655,0.11934141,0.004330548,0.030555086,0.02232729,0.026873995,0.04612365,0.006580716,0.056707352,0.013426018
0.02980568,0.01241168,0.013155139,0.119406626,0.004328279,0.030563878,0.022330208,0.026875693,0.04611186,0.006579625,0.056714535,0.01341519
0.029792558,0.012383073,0.013161894,0.11947201,0.0043261684,0.030572861,0.022331266,0.026880687,0.04609781,0.0065782783,0.056725558,0.013402518
0.029775387,0.012352809,0.0131675815,0.119549245,0.004323799,0.030583762,0.022335352,0.026883967,0.04608515,0.006576733,0.05673624,0.013392439
0.013272957,0.010419646,0.025577862,0.13009964,0.0023144567,0.028951392,0.016063087,0.02894174,0.03157915,0.0031358476,0.08327491,0.004213677
0.01320486,0.008893746,0.017411923,0.14874671,0.001928675,0.032533552,0.016685557,0.034558214,0.02406418,0.004093447,0.06557377,0.003961717
0.015997794,0.012112064,0.018104158,0.13765758,0.0021609655,0.03435682,0.021711214,0.041685063,0.027002849,0.004974265,0.063774645,0.0046168133
0.024386413,0.012145151,0.033983804,0.10722501,0.0041516814,0.045099303,0.013358113,0.03380849,0.029973561,0.0088541685,0.071832694,0.005197456
0.026458558,0.016164275,0.040346585,0.08886126,0.0041688685,0.043275148,0.020525688,0.026840933,0.029687671,0.009785507,0.073846534,0.0063042482
0.02578793,0.017053286,0.043007333,0.10619443,0.0040325774,0.040782776,0.024312045,0.023526706,0.027363949,0.008801183,0.078563325,0.005306766
0.025536822,0.018390294,0.045556907,0.113402896,0.004493554,0.039198384,0.021057665,0.019437794,0.028414033,0.008167903,0.07456018,0.0050598183
0.025681164,0.018450595,0.043453507,0.11664177,0.005169624,0.042167667,0.019754153,0.019344259,0.030289805,0.0074743526,0.07161222,0.0049437406
0.026799457,0.018796407,0.04354872,0.11654198,0.005426374,0.043500315,0.01887517,0.019881113,0.030005839,0.0073813815,0.069224894,0.00507532
0.028319912,0.019273264,0.045463666,0.10722005,0.005578764,0.041024692,0.018386481,0.01970695,0.029033411,0.0075397156,0.06894646,0.005328949
0.03004712,0.019713933,0.04724875,0.09542423,0.00565013,0.038130865,0.018094001,0.019494064,0.028423311,0.00768348,0.06918837,0.005536409
0.044048797,0.012444055,0.027235132,0.08756228,0.0072383573,0.037147354,0.013880464,0.02104457,0.017569622,0.010445713,0.053781584,0.005168113
0.03944782,0.014161165,0.037102588,0.062128384,0.010125072,0.03185226,0.015329132,0.02302622,0.024535023,0.012762498,0.045495253,0.0053067454
0.04277754,0.013629417,0.03170613,0.051470123,0.00976678,0.029734261,0.01240346,0.021780154,0.027289296,0.012004618,0.04342325,0.0042204247
0.04992326,0.013629795,0.02812559,0.047121204,0.010970043,0.031698298,0.009756768,0.02193779,0.026276784,0.012559188,0.039225187,0.0040794476
0.050431773,0.013544744,0.028387088,0.044198137,0.012423675,0.03267972,0.010134362,0.02309782,0.027240198,0.013570029,0.040469594,0.004137727
0.051911455,0.013559457,0.028633405,0.04260974,0.014631582,0.031808786,0.00982203,0.02428256,0.02681041,0.015223832,0.040220045,0.004289269
0.05586786,0.013585191,0.028871067,0.041119233,0.016535474,0.032632586,0.009504526,0.02535197,0.026039133,0.017100964,0.038887978,0.0046634227
0.056363728,0.013472261,0.029023625,0.039625928,0.017589988,0.03249761,0.009752995,0.026262097,0.025561295,0.018477518,0.038712632,0.0049475823
0.055816345,0.013197312,0.029150074,0.037912264,0.018051784,0.03220905,0.0097631095,0.026877293,0.024902852,0.019415425,0.038502097,0.005155219
0.055761687,0.012844356,0.029191261,0.036403943,0.018250346,0.032448098,0.009596156,0.027321255,0.024125414,0.020158656,0.038123794,0.005346597
0.03959507,0.05837364,0.016871823,0.05735245,0.01592235,0.042912368,0.023711212,0.015500766,0.028467938,0.012739531,0.053845163,0.011389085
0.03848602,0.035039406,0.018512405,0.06475138,0.017664691,0.03888153,0.02132024,0.0174241,0.031228509,0.01376966,0.042083774,0.013897934
0.03395819,0.03582985,0.017730685,0.06633425,0.022733044,0.037998583,0.024010388,0.01902322,0.034519225,0.013253251,0.040437166,0.012444964
0.03152407,0.04501342,0.015565445,0.07248888,0.022902379,0.042068258,0.029904362,0.016113583,0.037836384,0.012888639,0.042908236,0.013898731
0.030704468,0.044611976,0.013689702,0.07838877,0.022024406,0.045603916,0.02972017,0.015335229,0.03905673,0.011866811,0.042442337,0.01584267
0.029522024,0.047538687,0.013014002,0.08302869,0.023598125,0.046238784,0.031731747,0.015248634,0.038150672,0.011829441,0.04440665,0.016393764
0.028185925,0.05076928,0.012486236,0.082467005,0.023412803,0.046922646,0.033454638,0.014086595,0.037637293,0.01190592,0.045148764,0.01779011
0.027242938,0.051315866,0.011974901,0.081658244,0.023450844,0.04669569,0.032542627,0.013302184,0.036595616,0.0116738705,0.043238197,0.018174857
0.026403034,0.05218166,0.011797228,0.08074173,0.02356603,0.04490273,0.032450095,0.0126428595,0.03561852,0.011894364,0.041079205,0.018370673
0.025514012,0.05359397,0.011576669,0.07884777,0.02364386,0.043283444,0.032360297,0.011830215,0.034821413,0.011997517,0.03895052,0.018535111
0.02486465,0.054376427,0.011407096,0.07703744,0.023957672,0.042073928,0.031684235,0.011196524,0.034177057,0.011965962,0.036902137,0.018542215
0.0243173,0.054922946,0.011311402,0.075548366,0.024183398,0.040741842,0.031329077,0.010773809,0.0336822,0.012049538,0.03546221,0.01856885
0.02382158,0.05553833,0.011258051,0.07353609,0.024411585,0.03948997,0.031067004,0.0104396315,0.033306867,0.012176581,0.03444941,0.018664492
0.023311475,0.05586024,0.011275973,0.07107178,0.024816489,0.038343128,0.030589158,0.010179161,0.033021085,0.012282899,0.033573203,0.018750075
0.022763802,0.055857193,0.011351922,0.06854545,0.025246825,0.03716822,0.030099118,0.010012441,0.03274839,0.012417942,0.032880377,0.018847669
0.02220836,0.05575189,0.011472365,0.06589041,0.025721814,0.036082815,0.029633556,0.009904893,0.032475483,0.012582217,0.032343324,0.018975835
0.021647938,0.055554967,0.011634238,0.063193746,0.026306573,0.035171956,0.029139861,0.009836147,0.032234855,0.012748346,0.031891428,0.019107165
0.021088893,0.055254597,0.0118165435,0.060630746,0.0269337,0.034416594,0.02868661,0.009808141,0.032018974,0.012925614,0.031524964,0.01923216
0.020539613,0.05491116,0.011996234,0.058257103,0.027555814,0.03380824,0.028302917,0.009810906,0.031823024,0.013105035,0.031231176,0.01934866
0.02001231,0.054572295,0.012166291,0.056076743,0.02819496,0.033317897,0.0279703,0.009825819,0.031666163,0.013286609,0.03097117,0.019443806
0.019517455,0.0542375,0.012314659,0.05414665,0.028805811,0.032929946,0.02768642,0.009848326,0.031542167,0.01345958,0.030725103,0.019509364
0.019053444,0.05393304,0.012438114,0.052438993,0.029375026,0.032599203,0.02746233,0.009873346,0.03144237,0.013632116,0.03048788,0.019549021
0.018624999,0.053658776,0.012535603,0.05094982,0.029892638,0.032303777,0.02728045,0.009899265,0.0313655,0.013795008,0.030262161,0.01956553
0.018234508,0.053423885,0.012605514,0.0496602,0.030360032,0.032048255,0.027135123,0.00991904,0.031304505,0.013946803,0.030031899,0.019551175
0.017880572,0.053210985,0.012655342,0.04854562,0.030765468,0.031823806,0.027038418,0.009940533,0.031256318,0.014087469,0.029811094,0.019518554
0.017563656,0.053043082,0.012684367,0.04759283,0.031115562,0.031626683,0.026962917,0.0099589275,0.031222211,0.014213317,0.029599316,0.01946958
0.017276844,0.052893195,0.012699114,0.04677171,0.031422734,0.031461943,0.0269153,0.009977648,0.031196062,0.014326138,0.029397704,0.019408837
0.01702226,0.052758828,0.012698287,0.0460701,0.03167589,0.031313885,0.02689527,0.009999787,0.031178853,0.0144261215,0.029216224,0.01934031
0.016792746,0.05265204,0.012690209,0.045459602,0.031887356,0.031186085,0.026900318,0.01002257,0.031168954,0.014515081,0.02905662,0.01927029
0.016591636,0.052557886,0.012671928,0.044934426,0.03205305,0.031082066,0.026916783,0.010046705,0.031160226,0.014592402,0.028906778,0.019192673
0.024202492,0.044073105,0.008139224,0.10716117,0.0233659,0.021139776,0.02745376,0.024552517,0.035709728,0.009963546,0.03425019,0.030976497
0.02843173,0.047678575,0.010267245,0.08610141,0.025646446,0.032070585,0.022571458,0.017139807,0.044197667,0.009299938,0.0349262,0.030194897
0.028805096,0.044280548,0.009108441,0.09608284,0.02379501,0.03429191,0.023773555,0.016260222,0.043849993,0.008191229,0.0375654,0.029093573
0.02635093,0.03812618,0.009281447,0.104995765,0.01800964,0.028979685,0.026362382,0.017575903,0.047710616,0.0083790785,0.043730397,0.0299523
0.025597015,0.0352416,0.008888166,0.095763505,0.01410623,0.02548801,0.022740059,0.01661251,0.05088256,0.0077914326,0.04476675,0.026432702
0.02580268,0.03303078,0.008742086,0.09458556,0.011627402,0.024431104,0.020332234,0.016109886,0.052368656,0.0073005483,0.045588166,0.023470663
0.027017122,0.029925527,0.009205128,0.0975024,0.009481552,0.023378765,0.019730741,0.017537419,0.05315754,0.0070863757,0.046439044,0.021029934
0.028270157,0.027448015,0.0095496345,0.09827245,0.008240773,0.023044918,0.018974757,0.019019406,0.053610645,0.0069193644,0.046849024,0.01911091
0.029105715,0.025588293,0.00983709,0.09969713,0.007482869,0.0236678,0.018461833,0.020292196,0.0540167,0.006741377,0.04737308,0.017639423
0.029756647,0.02404664,0.010035072,0.10142021,0.0068008,0.023997704,0.018413998,0.021520453,0.054136004,0.006582811,0.048127748,0.016511552
0.027393831,0.025276631,0.008956452,0.055008277,0.0019735629,0.058071394,0.007743752,0.008169155,0.027510667,0.017950946,0.022621043,0.011212235
0.034664832,0.01618925,0.014154795,0.040975288,0.0018306542,0.056189165,0.011711213,0.009736201,0.01921248,0.023281632,0.017343437,0.0069302316
0.029277261,0.015020568,0.021137051,0.041315984,0.0016363016,0.047153145,0.015368826,0.013216098,0.021496218,0.025316233,0.02047901,0.009080406
0.029827647,0.012771014,0.019089736,0.034570917,0.0014264338,0.05008274,0.013965242,0.013052068,0.021279167,0.026546607,0.0195161,0.009343404
0.03904787,0.013540853,0.017866494,0.0332881,0.0016878863,0.060367722,0.014515832,0.014011669,0.023003412,0.030973488,0.01926314,0.008721689
0.045799773,0.014321931,0.018667147,0.03375459,0.0016090026,0.0739009,0.014770031,0.015376593,0.024736006,0.038815744,0.022025403,0.008866732
0.049917653,0.014142883,0.018153004,0.0339006,0.001661284,0.08391793,0.014578112,0.016373785,0.025909565,0.04633825,0.02318297,0.008834589
0.052554283,0.013794644,0.017778391,0.03458252,0.0016778606,0.09219958,0.014289354,0.017437173,0.025864048,0.051086456,0.023367533,0.008724723
0.052123804,0.013607844,0.018426448,0.033445,0.0016741068,0.09513682,0.0140813645,0.018255847,0.024978125,0.052874,0.024400685,0.008946774
0.0503727,0.013206313,0.019149419,0.032363746,0.0016402235,0.09404511,0.014049949,0.0187935,0.024268,0.05331722,0.02527847,0.0092714075
0.049204677,0.012889106,0.019801196,0.031614058,0.0015842649,0.09143301,0.014073648,0.019063277,0.023847353,0.05351722,0.02580904,0.009612879
0.048210848,0.012699927,0.020105528,0.030763619,0.0015241512,0.08877995,0.013955939,0.018976532,0.023633175,0.053658377,0.026281262,0.009936066
0.047605768,0.0125607075,0.02003867,0.030124735,0.0014730743,0.086498424,0.013806073,0.018750405,0.023678439,0.0543072,0.026504928,0.010199259
0.04762692,0.012494247,0.01974027,0.029681802,0.0014268033,0.084677584,0.013650845,0.018524675,0.023843713,0.05571636,0.026550716,0.010406207
0.047983844,0.012490023,0.01932594,0.02927646,0.0013879766,0.08321364,0.013480667,0.018321643,0.024009915,0.05758832,0.026596693,0.010577938
0.048516676,0.012478419,0.018881587,0.028984869,0.0013544507,0.082080506,0.013326363,0.018171882,0.024154728,0.05962766,0.026552275,0.010704095
0.049228508,0.012453376,0.01849712,0.028756585,0.0013247789,0.081085436,0.013203561,0.018061876,0.024251804,0.061637245,0.026417658,0.010803651
0.050003532,0.012419052,0.01816665,0.028550413,0.0013013429,0.08031219,0.013100546,0.01797571,0.024301415,0.06340552,0.026266495,0.010881959
0.05079956,0.012364781,0.017886769,0.028396975,0.0012822828,0.07981053,0.0130224135,0.01792186,0.02432207,0.064928465,0.02609143,0.0109424405
0.051647354,0.0122951735,0.017671857,0.02825718,0.0012673294,0.079545856,0.012972065,0.017881226,0.024321204,0.066260405,0.025890583,0.0109917885
0.032879036,0.024842689,0.0018706403,0.040894073,0.0025616577,0.13479432,0.0068306285,0.014039805,0.020817272,0.026624113,0.02588989,0.0071558845
0.03940731,0.01634837,0.0026925232,0.040635806,0.0020845642,0.10753445,0.0057783863,0.010028021,0.023369981,0.028229468,0.02220844,0.014093365
0.033806775,0.024652893,0.0051389965,0.036263693,0.005490631,0.077183574,0.008313864,0.0072563305,0.024906915,0.017577443,0.043622736,0.017767329
0.03460707,0.0308943,0.007018808,0.040538903,0.0029818392,0.07976994,0.010213131,0.009523559,0.025753759,0.01884994,0.045653824,0.01681263
0.05901197,0.035160106,0.006506165,0.03715633,0.0022066706,0.08140732,0.009520183,0.009266608,0.02609059,0.020062694,0.05142463,0.021520574
0.06665903,0.040141653,0.00687173,0.03186524,0.0026460886,0.071990356,0.009618138,0.009555554,0.029173847,0.016810754,0.052386664,0.02168553
0.06765746,0.040963355,0.007289077,0.031350352,0.0024341804,0.07360961,0.010847977,0.010359965,0.029108074,0.015945872,0.053676084,0.022393998
0.073721156,0.042802714,0.0072281705,0.033293188,0.0024536115,0.07802973,0.010604169,0.010686838,0.02909791,0.015271544,0.053132717,0.022859178
0.07575839,0.04394437,0.007431503,0.033518624,0.0025626423,0.07808766,0.010267822,0.010487735,0.030292025,0.013833582,0.052467044,0.022513913
0.07455421,0.04096588,0.0073532225,0.0334616,0.0024384197,0.07779789,0.010421549,0.010352966,0.030753348,0.012852617,0.052493494,0.022850808
0.075827785,0.03904053,0.0072478857,0.034010883,0.002344088,0.07730891,0.010416279,0.010342414,0.030848302,0.012463155,0.053166755,0.023343785
0.077151366,0.038403023,0.0072607296,0.03480663,0.002328552,0.07570385,0.010531302,0.010434402,0.03146667,0.012012104,0.05401209,0.023315469
0.07762342,0.038072605,0.0072097573,0.035869762,0.0023051614,0.07427616,0.010805745,0.010646914,0.032218944,0.0115072,0.054733314,0.02296858
0.07822528,0.038213342,0.007091696,0.036902577,0.0022840057,0.07322687,0.010992877,0.010914752,0.032966673,0.011062678,0.05524833,0.022454891
0.078670144,0.038504835,0.0069397357,0.03761951,0.0022733298,0.07212991,0.011104966,0.011126252,0.033736546,0.010610409,0.055537894,0.021853609
0.07884843,0.038730167,0.0067634117,0.038102884,0.0022573457,0.071113445,0.011191199,0.011307499,0.03441129,0.010198619,0.05566894,0.021312337
0.07892847,0.03895787,0.0065822876,0.03842356,0.0022400857,0.070314914,0.011233327,0.011475247,0.03497291,0.009860219,0.055679947,0.0208445
0.078932576,0.03915919,0.0064135343,0.038616434,0.0022273413,0.06962843,0.011255875,0.0116153695,0.035453673,0.009582769,0.055616807,0.02044101
0.07884337,0.039315265,0.006262364,0.03875306,0.0022175226,0.069077626,0.011279524,0.011740804,0.035855733,0.009354966,0.05552074,0.020103171
0.07869936,0.03944969,0.006130153,0.03884181,0.0022101998,0.068668775,0.011300165,0.011857214,0.036198325,0.009179904,0.055406332,0.019827688
0.07855253,0.039568324,0.0060170814,0.03892972,0.00220643,0.068379775,0.011318288,0.01195823,0.036495626,0.009048095,0.055280477,0.01960269
0.07838915,0.03967395,0.005921445,0.039012898,0.0022054918,0.068174854,0.0113388235,0.012050344,0.03675867,0.008944499,0.055164002,0.019414783
0.06383362,0.05354365,0.01034837,0.049546894,0.006682452,0.05874218,0.03351534,0.018942138,0.035741504,0.011782944,0.0767415,0.016737765
0.04857042,0.03964985,0.0109947845,0.056431618,0.0063064974,0.061522417,0.021217812,0.023425981,0.040157802,0.010742887,0.063728176,0.015548173
0.038868092,0.032288242,0.011247859,0.060151543,0.0072623235,0.07032882,0.017878471,0.02073554,0.04077711,0.009795973,0.05276693,0.01628791
0.036343407,0.032807637,0.010300582,0.07191466,0.007900218,0.07263661,0.02482787,0.020377818,0.041165113,0.010154214,0.05256805,0.015103502
0.033997335,0.033842485,0.009494785,0.07950113,0.008960145,0.082628265,0.029401543,0.019618731,0.042065386,0.010238667,0.049641214,0.015147828
0.031911984,0.032101233,0.009319654,0.079678625,0.010696588,0.09712252,0.027992984,0.01865522,0.0418021,0.0101692015,0.045722265,0.014686678
0.03120867,0.03279217,0.0092971,0.08469261,0.0115749845,0.10857758,0.028840452,0.017929558,0.0407955,0.010748787,0.044470623,0.014359372
0.031448152,0.035702035,0.0093038175,0.087835304,0.012254647,0.114169516,0.029344715,0.017237373,0.040668853,0.011341678,0.043448888,0.013908382
0.030782834,0.037404034,0.009467532,0.086097375,0.012845352,0.113760054,0.028351815,0.016432278,0.040986862,0.011540507,0.041827023,0.013709805
0.029648291,0.03768425,0.009565894,0.084481135,0.012980903,0.10972758,0.027738392,0.01615551,0.040907633,0.011600226,0.04049258,0.01382559
0.0288307,0.037914734,0.009633616,0.08295677,0.013113512,0.105311215,0.02749231,0.016089892,0.040664975,0.0116697885,0.039424308,0.014043905
0.028080318,0.038130876,0.009760376,0.080947444,0.013405854,0.101967365,0.02733909,0.015943194,0.040542547,0.011689075,0.03846665,0.014283149
0.027301297,0.038069293,0.0099107865,0.07957251,0.01374636,0.09992444,0.027407162,0.015896788,0.040419452,0.011761448,0.037838608,0.014565268
0.026673734,0.03803792,0.010080517,0.07875865,0.014195115,0.09860706,0.027611898,0.015919011,0.04029113,0.011934928,0.03750331,0.01485101
0.026179757,0.03808678,0.010287947,0.07794984,0.0148040755,0.09677702,0.027824545,0.015886549,0.04019239,0.012157647,0.03732533,0.015134788
0.025755337,0.03800317,0.0105303535,0.07699844,0.015502875,0.09324675,0.028025659,0.015848693,0.040059306,0.012404634,0.037282422,0.015457209
0.025419636,0.03778683,0.010803248,0.07574547,0.0162429,0.08743767,0.02823217,0.015827637,0.039813824,0.012667776,0.037354037,0.015840886
0.025150223,0.037482273,0.011111901,0.074041456,0.017037138,0.0797422,0.028417654,0.015795039,0.039429363,0.012921708,0.037498016,0.016283555
0.02488695,0.037140902,0.011448083,0.07208264,0.017870234,0.0714406,0.028553799,0.015727134,0.03891288,0.01314585,0.037672043,0.016761882
0.024566226,0.036856405,0.011795432,0.07014411,0.018739993,0.06406453,0.028635992,0.015639428,0.038342636,0.013341891,0.037852813,0.017217947
0.024185644,0.036713462,0.012142531,0.06848549,0.019644761,0.058494546,0.028634394,0.015518809,0.037808605,0.013514515,0.037984982,0.01759429
0.023741232,0.03671233,0.012477943,0.06720613,0.02057826,0.054785382,0.028566418,0.015397659,0.037396763,0.013674723,0.038048156,0.01786584
0.023288459,0.036825053,0.012795114,0.06625148,0.021505883,0.05248913,0.028456734,0.015288067,0.03711869,0.013833503,0.03804235,0.018038794
0.022832591,0.03697018,0.013089989,0.06543719,0.022395814,0.051052395,0.028356066,0.015215149,0.036970686,0.013995793,0.03799055,0.018151114
0.022416843,0.037170783,0.013350329,0.06469038,0.023211753,0.050130878,0.028243154,0.015175745,0.03689922,0.014158823,0.03788656,0.01819976
0.02201401,0.037364077,0.013589333,0.06392611,0.023969589,0.049479846,0.028161814,0.015144336,0.036903344,0.014325459,0.03775058,0.018240703
0.021635173,0.037563615,0.013799621,0.06312703,0.02465802,0.04894751,0.028095763,0.015123441,0.036953356,0.014490112,0.037580978,0.018270042
0.051817708,0.026356434,0.012446242,0.05460665,0.019312376,0.026418129,0.012569434,0.023136832,0.034137987,0.013046762,0.037603036,0.014882191
0.04250029,0.034455754,0.019593008,0.04777166,0.021114388,0.03446075,0.015590832,0.025696427,0.035550084,0.020644395,0.042214535,0.0131566245
0.044867445,0.036043383,0.021992026,0.049795624,0.02337654,0.040533457,0.014523515,0.023174241,0.035289183,0.019713832,0.041530028,0.012065266
0.05266868,0.03585976,0.023654422,0.048613735,0.027664537,0.04195254,0.01264852,0.0230491,0.032657307,0.020276792,0.039794467,0.011183065
0.05830887,0.04091259,0.026872424,0.04550761,0.029872915,0.043668553,0.0130144125,0.024203336,0.030187897,0.02251366,0.042560134,0.010838551
0.06152765,0.042363256,0.028922953,0.044537537,0.033070832,0.045341473,0.013000156,0.023884214,0.028792193,0.025216827,0.044310432,0.0110697225
0.06370334,0.04056172,0.030068237,0.04277072,0.035827678,0.04616229,0.012611475,0.023924671,0.026907848,0.026851794,0.043891,0.011026677
0.063481666,0.03994648,0.03066629,0.041217722,0.037550196,0.046728197,0.012468433,0.024079934,0.025560224,0.02814944,0.043921784,0.011156091
0.061585695,0.03923456,0.030687567,0.04004064,0.03845877,0.04707093,0.012309995,0.024137145,0.024906985,0.028689545,0.04353473,0.011220137
0.060173385,0.03803149,0.03032884,0.038753934,0.038914338,0.04708929,0.012069205,0.024219356,0.024384554,0.028459033,0.04244356,0.011197174
0.059179902,0.03730906,0.029885326,0.03764791,0.039005186,0.047113698,0.011982355,0.024238875,0.02398631,0.028121209,0.04147229,0.011174958
0.058269035,0.03678902,0.029489866,0.0368253,0.038961027,0.047218416,0.01198209,0.024200268,0.02374446,0.027700556,0.040574,0.011135174
0.05775704,0.03622905,0.029155346,0.036135204,0.038927566,0.047322664,0.012025873,0.024173455,0.02352182,0.027226076,0.039548494,0.011086988
0.057461567,0.035854645,0.028911913,0.03559524,0.038923915,0.047449563,0.012148876,0.024135657,0.023304809,0.026800089,0.038581762,0.01104669
0.057128195,0.035589647,0.02878286,0.035224624,0.03896932,0.047621384,0.012327615,0.02407526,0.023129346,0.026412254,0.037654817,0.011011478
0.056850642,0.035309304,0.0287558,0.034945868,0.039074816,0.04785488,0.012526245,0.02400087,0.022959849,0.026047803,0.03670596,0.010979582
0.056595862,0.03505186,0.028837128,0.034739446,0.03921382,0.048136283,0.012741979,0.02392388,0.022780728,0.025729503,0.035797272,0.010954776
0.05630136,0.03481904,0.029015893,0.03459735,0.039377373,0.048491314,0.012964716,0.02384627,0.02260217,0.025445536,0.034929615,0.010927789
0.055996064,0.034585882,0.029270975,0.03448651,0.039546892,0.04887053,0.013175695,0.023776753,0.022420105,0.025192844,0.034110222,0.010898415
0.055732943,0.03436877,0.029581476,0.034398817,0.03970902,0.049252104,0.013367582,0.023728097,0.022238364,0.02497165,0.033355232,0.010864307
0.055485677,0.034166068,0.02990843,0.034334272,0.03986265,0.049627334,0.013539095,0.023696126,0.022064168,0.024790676,0.032669682,0.010829952
0.055284336,0.03398141,0.030239899,0.03428348,0.040005594,0.04996452,0.01368342,0.023673953,0.021904012,0.024627019,0.032049034,0.010792842
0.055098087,0.033796612,0.03054602,0.034247417,0.040122826,0.050282042,0.013804547,0.02366267,0.021757396,0.02448081,0.031481013,0.010752095
0.054932266,0.033630732,0.030824594,0.03423234,0.0402258,0.050565884,0.013907733,0.02365876,0.021625262,0.024362473,0.030974148,0.010711474
0.05476804,0.03345548,0.031059362,0.034225058,0.040309377,0.05079769,0.013991985,0.02365823,0.02150795,0.024256296,0.03050426,0.010667049
0.05464361,0.033300187,0.031262327,0.034239743,0.040379018,0.05102288,0.014064487,0.023664994,0.02140904,0.024170723,0.030093417,0.010624541
0.05452054,0.03314084,0.03143045,0.034259073,0.040436126,0.051203005,0.014125808,0.023670156,0.02131916,0.024096496,0.029713629,0.010581272
0.05441071,0.03298873,0.031563953,0.03428734,0.040475946,0.051355194,0.0141766155,0.023677347,0.02123954,0.024032462,0.029372538,0.010538698
0.05429372,0.032851186,0.031667255,0.034322567,0.040501196,0.051505037,0.014226953,0.023683092,0.021168469,0.023979494,0.0290596,0.010496216
0.05418179,0.032704417,0.031750865,0.034364678,0.040518217,0.051619265,0.014271713,0.023692265,0.021107417,0.023924716,0.028768994,0.010453351
0.05408673,0.03256848,0.031810526,0.034417175,0.040521536,0.05172307,0.014314219,0.023704525,0.021055695,0.023887295,0.02851075,0.010414529
0.053993665,0.03243827,0.03184976,0.03446782,0.040516235,0.051810738,0.014351039,0.023713127,0.021004146,0.023850394,0.028268082,0.010376096
0.06669132,0.07137261,0.025436992,0.047927503,0.019461578,0.078209296,0.021861142,0.012718127,0.06952999,0.007822558,0.026072076,0.0100909965
0.07441142,0.05838886,0.024430143,0.06669696,0.02251418,0.080620036,0.020285435,0.016226657,0.07056572,0.007418391,0.02843475,0.010848085
0.0932765,0.049469322,0.022540351,0.080374256,0.021386724,0.08478371,0.02346493,0.017305553,0.069401614,0.006368734,0.029465714,0.011043142
0.09112156,0.0551331,0.022706099,0.085886285,0.021715939,0.08510972,0.021462606,0.016204607,0.072546326,0.005756181,0.029060563,0.01130614
0.082365654,0.05751404,0.022249082,0.09118823,0.024470575,0.088214055,0.020684764,0.015970074,0.075002044,0.005269355,0.028277913,0.012488876
0.07304686,0.058653522,0.023087284,0.09296259,0.02698495,0.0887981,0.020907786,0.015787657,0.073553525,0.0049569905,0.029432807,0.013508389
0.06073519,0.061220393,0.023391034,0.08628289,0.028594956,0.08378776,0.01939466,0.015512763,0.07143232,0.004534174,0.030602884,0.014424548
0.05231309,0.060786463,0.023275403,0.08186552,0.030511897,0.07751375,0.0189611,0.015220609,0.069764055,0.004450796,0.030579237,0.015578161
0.049210746,0.060560282,0.023005717,0.08047053,0.031228028,0.07211622,0.019042458,0.0148593495,0.06800861,0.0045312485,0.030621137,0.01645877
0.047997296,0.062396146,0.022684619,0.07866458,0.030723093,0.068142526,0.018950965,0.014655865,0.06689233,0.004557563,0.031125903,0.017027175
0.047358427,0.06388771,0.022527594,0.07737835,0.030444965,0.06542184,0.019127198,0.014656738,0.06681433,0.004666768,0.031532273,0.017751092
0.047339253,0.065155596,0.0226297,0.07732822,0.030537901,0.06369427,0.019501694,0.014751785,0.06748512,0.004808803,0.031939264,0.018424395
0.047380473,0.06662651,0.022918578,0.07736413,0.030900313,0.06252442,0.019876035,0.014948877,0.06878533,0.00492373,0.032424346,0.018961003
0.047042593,0.06758902,0.023233673,0.07721646,0.031689055,0.061672654,0.020248594,0.015151918,0.07035108,0.0050461465,0.032710824,0.019449357
0.046526976,0.06795446,0.023498662,0.07727264,0.03268361,0.06098879,0.020566294,0.015279312,0.07166359,0.0051662186,0.032787897,0.019806921
0.04604003,0.06809219,0.023702495,0.07732609,0.03363208,0.060248278,0.020787396,0.015342201,0.07265505,0.0052675293,0.032775447,0.02002375
0.045547888,0.06809868,0.02382007,0.07724871,0.03452126,0.059451666,0.020930018,0.01535084,0.073545806,0.005360816,0.0326614,0.020162547
0.045075223,0.06806243,0.023857545,0.077174865,0.03537792,0.05877132,0.021015216,0.015321282,0.074418485,0.005445273,0.03244568,0.020259757
0.044683456,0.06814087,0.023867141,0.07717339,0.036166776,0.05830224,0.021081682,0.0152944,0.07531407,0.005523455,0.032196067,0.020331802
0.04436793,0.06839037,0.023867264,0.07719236,0.03691351,0.05805284,0.021136291,0.015284794,0.076249085,0.0055961176,0.031937603,0.020398444
0.031262513,0.056301117,0.021545941,0.062078536,0.023396129,0.0538972,0.017955806,0.020147856,0.050418682,0.0041750553,0.057456214,0.0083946595
0.03945412,0.051302716,0.02325103,0.052275132,0.01903892,0.051529642,0.016328529,0.023547506,0.045102794,0.0055430075,0.053743973,0.009290019
0.04120068,0.051393364,0.025276653,0.056615867,0.01555922,0.049107525,0.017528327,0.02396462,0.04964006,0.0055842106,0.055044822,0.008543907
0.031663537,0.050435517,0.026464835,0.057425812,0.014119387,0.05521844,0.014950371,0.023627123,0.051953144,0.0052585844,0.05554176,0.0056049237
0.030787705,0.052413266,0.028580973,0.058890145,0.014788312,0.05984835,0.01364021,0.024122924,0.050457686,0.0057015694,0.055480856,0.004402543
0.03184111,0.053637676,0.03175663,0.05945863,0.014420413,0.061512973,0.0140191605,0.023760727,0.050353955,0.0060425485,0.05817123,0.004013931
0.03206428,0.051556382,0.03474514,0.058579326,0.013755854,0.061423793,0.013759088,0.023759529,0.048763424,0.006360791,0.060761493,0.0037525943
0.032609247,0.046403486,0.03792762,0.057385262,0.012710442,0.058179416,0.013668909,0.0241772,0.0464152,0.0069140224,0.06289954,0.0037491391
0.03279493,0.04145795,0.04034528,0.055994526,0.011450419,0.053648278,0.013641344,0.024020884,0.044436645,0.00731755,0.064147525,0.0037852975
0.032726835,0.03772534,0.041543365,0.05558392,0.010486978,0.051277947,0.013372168,0.024062827,0.042916756,0.007495646,0.06359717,0.0037419754
0.032571305,0.0351321,0.041976225,0.05622949,0.009949322,0.05082008,0.013176022,0.024545677,0.041574266,0.007610439,0.06199587,0.0036799528
0.03230329,0.033432342,0.04179045,0.057306394,0.009671554,0.05121204,0.013084688,0.025192177,0.04032827,0.007671176,0.060585093,0.0036044316
0.032175995,0.03239071,0.041267224,0.05877645,0.00958175,0.052220732,0.012963428,0.026090639,0.039302025,0.0077279876,0.059325926,0.003529219
0.032310642,0.03172663,0.040863298,0.060369007,0.009582922,0.05330247,0.012896492,0.02706698,0.03844982,0.007828045,0.058353398,0.0034882757
0.03265052,0.031328183,0.040797397,0.061475582,0.009608803,0.05397646,0.012928272,0.027834484,0.03760608,0.007964304,0.05793884,0.0034960418
0.0331078,0.03108121,0.041146424,0.06171851,0.009654666,0.054270416,0.013041101,0.028305646,0.03670778,0.008142316,0.05804357,0.0035517463
0.033562128,0.030854998,0.041836377,0.061176557,0.009711365,0.05443676,0.013227744,0.028470397,0.03576341,0.008358655,0.058432467,0.003637521
0.033951525,0.030645156,0.042635474,0.0602431,0.00977429,0.05468179,0.01344954,0.028343529,0.034821235,0.008570522,0.05883611,0.0037265914
0.03426677,0.030469194,0.043402985,0.059240617,0.009846229,0.05502315,0.013659328,0.028068248,0.033962082,0.008759814,0.059073392,0.0038019815
0.034489576,0.030401349,0.04426401,0.057917945,0.009889367,0.054942362,0.013853547,0.027691202,0.033124976,0.008975452,0.05894131,0.0038729932
0.03459917,0.030589014,0.045618538,0.055667683,0.009848778,0.05354447,0.014048837,0.027201971,0.032091398,0.00933235,0.05804074,0.003967835
0.034668926,0.030879118,0.046973724,0.05369741,0.009833235,0.052387048,0.0142201595,0.026544109,0.030941982,0.009630114,0.056857906,0.0040375213
0.034749266,0.031130172,0.047766685,0.0526342,0.009900214,0.052173693,0.01440204,0.025773102,0.029894141,0.0097416,0.0562189,0.0040614507
0.034857217,0.031495497,0.04819034,0.051891886,0.00999594,0.052136015,0.0145927025,0.025010454,0.029005995,0.009793174,0.056037724,0.0040962785
0.035011355,0.031934354,0.04848345,0.051150452,0.0100965,0.052256715,0.014781469,0.024295582,0.028306866,0.009820364,0.056047723,0.0041505676
0.035161696,0.032357432,0.04867571,0.050438773,0.010188043,0.052538395,0.014952466,0.0236433,0.027803998,0.009842949,0.056141816,0.004204731
0.03533873,0.032871712,0.04874945,0.049748637,0.010275855,0.052915998,0.01513451,0.022909243,0.027436381,0.009871868,0.056250446,0.0042720926
0.03552449,0.033324946,0.04876276,0.049177315,0.010364312,0.05324696,0.015301058,0.022341782,0.027148858,0.009901499,0.056399614,0.004327313
0.035666846,0.033775583,0.04861758,0.04845907,0.010473988,0.053763974,0.015458546,0.021780893,0.026798889,0.009909188,0.056491718,0.004374955
0.03582979,0.03430082,0.048463628,0.0478971,0.010566111,0.054186333,0.015609116,0.021212855,0.026560757,0.00993156,0.056571785,0.0044323425
0.035968836,0.034822512,0.048274584,0.04739455,0.010649405,0.054565758,0.01576088,0.0206724,0.02633999,0.009953716,0.056644004,0.004488521
0.036086604,0.0353489,0.048072632,0.046931922,0.010728318,0.05494504,0.015901012,0.020179417,0.026133878,0.00997665,0.0566983,0.0045418427
0.0361782,0.0358419,0.047876317,0.046538167,0.010800455,0.055302355,0.016038971,0.019737812,0.025939943,0.010005457,0.056740623,0.004593523
0.036249273,0.036317647,0.04769044,0.04621111,0.010862718,0.055639856,0.016172102,0.019340925,0.025757855,0.0100367265,0.05678308,0.0046419185
0.036297094,0.03676711,0.04752934,0.045930956,0.010917101,0.055945702,0.016302118,0.018990949,0.02558564,0.010071828,0.056825362,0.004687861
0.03632862,0.037179496,0.04738866,0.045697115,0.010959929,0.05623179,0.016427623,0.018689135,0.0254213,0.010110715,0.056856856,0.0047299378
0.036345523,0.037571467,0.047267493,0.0455062,0.010997238,0.056505654,0.016548574,0.018418744,0.025266472,0.010151717,0.056887865,0.004769363
0.03634005,0.0379389,0.04716193,0.045298386,0.011027229,0.056743287,0.016662408,0.018156644,0.02510593,0.0101963235,0.056914933,0.004808534
0.036333922,0.038253017,0.047095697,0.045151435,0.01104718,0.056972276,0.016772525,0.017948912,0.024970422,0.010241055,0.056942295,0.0048424653
0.036324736,0.03852362,0.047039308,0.045044888,0.011057519,0.057178847,0.016878288,0.01777801,0.024851302,0.010283757,0.056961376,0.0048718704
0.036301482,0.038764678,0.046994753,0.04496889,0.011061458,0.057358317,0.016978003,0.017626785,0.024743004,0.010324547,0.056973364,0.004898477
0.036278162,0.03897465,0.046960533,0.044899724,0.011056534,0.057508003,0.01707483,0.017491242,0.024642657,0.0103620775,0.056996018,0.004923732
0.03625167,0.03915206,0.046925962,0.044848923,0.011048565,0.0576282,0.017163489,0.017370544,0.024554426,0.010399045,0.057006806,0.0049462887
0.03622653,0.039317407,0.046907593,0.044807762,0.011037123,0.05774014,0.017249152,0.017264916,0.024473183,0.010434696,0.0570256,0.0049673715
0.036196735,0.039447617,0.046894293,0.04477674,0.011017581,0.05781438,0.017325262,0.017166987,0.024398306,0.010468987,0.057046108,0.004986685
0.036165174,0.039531063,0.0468733,0.04474882,0.010995324,0.05785787,0.017392714,0.017077455,0.024331167,0.010503365,0.0570651,0.005003345
0.03613364,0.03961132,0.046862304,0.044724245,0.010974937,0.05790138,0.017454706,0.016996108,0.02426992,0.010534547,0.05707565,0.0050183847
0.036109675,0.03970154,0.046855725,0.044712268,0.010955763,0.057961427,0.017519986,0.016923424,0.024214081,0.010562318,0.057089657,0.00503165
0.036062364,0.039680727,0.046838775,0.044721078,0.0109092,0.057834797,0.017552659,0.016836388,0.024169298,0.010591929,0.05711009,0.005044988
0.03602102,0.03965977,0.04683768,0.0447147,0.010873766,0.057750527,0.01759992,0.016772863,0.024126492,0.010620782,0.057142105,0.005055249
0.035989072,0.039653126,0.04683298,0.044713914,0.010840372,0.057685405,0.017642513,0.016715234,0.024085436,0.010647079,0.057168253,0.005064431
0.035953287,0.03962959,0.046832558,0.04471588,0.010804696,0.05761575,0.017675502,0.016662369,0.024054173,0.010671578,0.057183743,0.0050719045
0.03591641,0.039570943,0.04683839,0.044723976,0.010767205,0.057511896,0.017705148,0.016613763,0.024026278,0.010697326,0.057204425,0.0050789835
0.035876382,0.03950524,0.046836972,0.044742227,0.010727508,0.05738373,0.017734878,0.016567994,0.023998775,0.010720911,0.057246517,0.005084548
0.03584209,0.039420176,0.046838313,0.044755045,0.010685523,0.057227448,0.017755192,0.016525356,0.023979979,0.0107459435,0.057275023,0.005089471
0.03580659,0.03932094,0.046847012,0.044777855,0.010641552,0.05704586,0.01777417,0.016484719,0.023962744,0.010770556,0.0573122,0.0050947615
0.03576663,0.03919911,0.046842884,0.044803977,0.010595368,0.056839105,0.017788328,0.01644944,0.023947809,0.010794339,0.0573529,0.0050979317
0.035723113,0.039072122,0.046852592,0.044834945,0.01054796,0.05662585,0.01780108,0.01641681,0.023934562,0.010817612,0.05739565,0.005101466
0.03568334,0.038937792,0.046859205,0.044874728,0.010499618,0.056393586,0.017810343,0.01638646,0.02392712,0.010840858,0.05743117,0.00510465
0.035645016,0.03878929,0.046867914,0.044921968,0.010452053,0.056142252,0.017815407,0.01635864,0.023923201,0.01086174,0.05748301,0.00510729
0.035601728,0.03860361,0.046870165,0.045001417,0.010395866,0.055820327,0.017815884,0.016338404,0.02392973,0.010885664,0.05754034,0.0051112478
0.03556096,0.038409576,0.046854615,0.0450981,0.010339154,0.05547767,0.017806709,0.016320404,0.02394362,0.010905512,0.057605665,0.0051131127
0.035518568,0.038227733,0.04686587,0.04515859,0.010288568,0.055199064,0.017806858,0.016302714,0.023946924,0.010927958,0.057652928,0.005114474
0.035474308,0.038057856,0.04688137,0.045192387,0.010243022,0.05495345,0.017807785,0.016279431,0.023945363,0.010946172,0.057701983,0.00511576
0.03542725,0.03788843,0.04689473,0.045235965,0.010198888,0.054722276,0.017809061,0.01626019,0.023941105,0.010966473,0.057735525,0.0051156627
0.03538537,0.037727002,0.04691758,0.045276947,0.0101574585,0.054494604,0.017809294,0.016240645,0.023938065,0.010984574,0.05777031,0.0051154546
0.03533796,0.03755504,0.046938226,0.045308966,0.010114378,0.054255366,0.017808584,0.016221216,0.0239349,0.011003587,0.057810795,0.0051157987
0.035294455,0.03737045,0.04695925,0.04534937,0.010071244,0.054009996,0.017805556,0.016206255,0.02393494,0.011023313,0.05785339,0.0051153544
0.035247594,0.037185304,0.046979353,0.045397606,0.010027772,0.053754456,0.017799512,0.016192006,0.02393593,0.01104345,0.057894766,0.00511559
0.035198245,0.036987666,0.046998937,0.045445975,0.009983486,0.05349326,0.017793836,0.016179083,0.023940854,0.011062642,0.05793784,0.0051149735
0.035151992,0.03676375,0.047023658,0.04552405,0.009935893,0.053193253,0.017783854,0.016173195,0.02395306,0.011083172,0.0579892,0.0051145293
0.03510838,0.03658163,0.047044475,0.045577306,0.009897709,0.052960675,0.017775819,0.016161818,0.023961997,0.0110995425,0.058039077,0.005114571
0.03505921,0.036402356,0.04707654,0.04563166,0.009864568,0.052754797,0.017773196,0.016153479,0.02397376,0.011115455,0.05808625,0.005115197
0.035019677,0.036233716,0.047096994,0.045688104,0.009833069,0.052568994,0.017765839,0.016148085,0.02398631,0.011130623,0.058124926,0.005114896
0.034982216,0.03612289,0.04712343,0.045721848,0.009815228,0.0524607,0.017763468,0.016138783,0.023993969,0.011140041,0.05815294,0.005113926
0.034930225,0.035966687,0.047154225,0.045776322,0.009797166,0.052353375,0.017757313,0.016132327,0.02399646,0.0111606615,0.058179118,0.0051117283
0.03490547,0.035906687,0.047173932,0.04576965,0.009791575,0.052352317,0.017763384,0.016125789,0.023992429,0.011169185,0.058185518,0.0051097497
0.03488266,0.03587302,0.047184426,0.0457604,0.009785715,0.052367438,0.017764715,0.016113788,0.023989808,0.01117331,0.058180023,0.0051078475
0.034864444,0.035833873,0.04720042,0.04575161,0.00977947,0.05237411,0.017772414,0.016104907,0.023986889,0.011178362,0.05818839,0.0051064612
0.034844067,0.035793852,0.04721082,0.045736756,0.00977369,0.052366562,0.017774595,0.01609341,0.023986598,0.011182791,0.058193203,0.0051053567
0.03482909,0.035760097,0.04722893,0.045726854,0.009768255,0.05237127,0.017779516,0.016087243,0.023984334,0.011187048,0.058199096,0.0051040296
0.034806058,0.035713464,0.047240734,0.045717336,0.009762773,0.052373316,0.017783388,0.016080061,0.023982001,0.011192772,0.05820511,0.0051020565
0.034786284,0.03567212,0.04724937,0.045710705,0.009757708,0.052368518,0.017784663,0.016073905,0.023981877,0.011197073,0.058209684,0.005100597
0.03476713,0.03563011,0.04725817,0.045702346,0.009752632,0.05236705,0.017788786,0.016067797,0.023983028,0.011201763,0.058219012,0.0050992207
0.034750126,0.035587363,0.04727478,0.04569744,0.009748046,0.052366618,0.017788311,0.016061608,0.023982588,0.011205529,0.058219302,0.005097617
0.034733947,0.035545476,0.047284093,0.045700256,0.009743978,0.0523586,0.017789712,0.016058497,0.02398432,0.011211242,0.058225982,0.0050966693
0.034717914,0.035502024,0.047293715,0.045700893,0.009738904,0.05234827,0.017789103,0.01605418,0.023988392,0.01121545,0.05823597,0.0050956053
0.034705475,0.035456713,0.047305696,0.045700256,0.009733471,0.052342575,0.01778628,0.016052103,0.023991473,0.0112212,0.058244087,0.005094225
0.034690566,0.035411,0.047316074,0.045701798,0.009727897,0.052325882,0.01778447,0.016049819,0.023994213,0.011225793,0.05825786,0.0050924537
0.03467754,0.035363477,0.047326945,0.045705922,0.009722543,0.052311573,0.01778317,0.016048102,0.023999419,0.01123097,0.05826957,0.005091058
0.034661613,0.035315152,0.047336802,0.04571238,0.009717071,0.052291796,0.017783081,0.016046755,0.024004318,0.011235695,0.058282442,0.0050900215
0.03464794,0.03526464,0.047348905,0.045715358,0.009710902,0.05227426,0.017782863,0.016044708,0.024008103,0.0112398695,0.05829569,0.0050889403
0.034633636,0.035215933,0.04735817,0.045719996,0.009704929,0.05225978,0.017779166,0.016044624,0.024011428,0.011243326,0.058299996,0.005087296
0.03462047,0.03517156,0.047365863,0.04572375,0.009699431,0.05224017,0.01777905,0.016041907,0.024014156,0.011247742,0.058309026,0.005086377
0.034610674,0.03512523,0.047378514,0.045727048,0.00969309,0.052223716,0.017778857,0.016039846,0.024015859,0.011252649,0.05831775,0.0050847703
0.034601722,0.0350812,0.047390126,0.04573146,0.009686935,0.052206114,0.017780608,0.016039936,0.024017848,0.011259011,0.058325633,0.0050833975
0.034585826,0.035039566,0.047392786,0.045736466,0.009680844,0.052178588,0.017778076,0.016036354,0.02401861,0.011262574,0.058333594,0.005081729
0.034575287,0.034996785,0.047401093,0.045739885,0.0096734455,0.05215204,0.017780023,0.016033065,0.02401929,0.011266334,0.058345117,0.005080531
0.034564428,0.0349563,0.0474127,0.045747362,0.009667646,0.05213338,0.017780155,0.016033156,0.02402021,0.011270472,0.058347054,0.00507869
0.034553807,0.034908812,0.047421798,0.045745198,0.009661316,0.052118145,0.01777864,0.01603151,0.024019934,0.011275659,0.058351956,0.005076777
0.034538873,0.034867123,0.047441594,0.04572756,0.009656636,0.05210071,0.017776268,0.016029831,0.024012472,0.011282323,0.058352087,0.005074815
0.03452164,0.034827583,0.04747567,0.04568621,0.009653722,0.05210143,0.017778326,0.01602793,0.023995476,0.011292337,0.058350332,0.0050730524
0.03450405,0.034791216,0.047505923,0.04564447,0.009649451,0.052095443,0.017780174,0.016026335,0.023973286,0.0113032935,0.058344986,0.005071231
0.034495942,0.034781337,0.04751698,0.045591578,0.0096459165,0.05212371,0.017789638,0.016015945,0.023943225,0.011308416,0.05832952,0.0050671594
0.03448409,0.034771703,0.047538526,0.04553705,0.009643949,0.052151863,0.01779732,0.016010169,0.023913225,0.011315306,0.05831265,0.0050646644
0.034471065,0.03470764,0.047542237,0.04556097,0.009637674,0.052142266,0.017795153,0.016008599,0.023923824,0.011317301,0.05833236,0.0050632157
0.034459718,0.034714527,0.04755635,0.045472898,0.009633584,0.052181985,0.017807951,0.015997387,0.023874607,0.011323455,0.05829683,0.005057872
0.034406442,0.03469792,0.04763623,0.04530654,0.009650577,0.05229336,0.01780142,0.015992329,0.02381167,0.011338342,0.058300506,0.005058438
0.03440101,0.034666542,0.047657643,0.04527232,0.009641982,0.052293293,0.017804373,0.015982563,0.02379693,0.0113462135,0.05829637,0.0050559524
0.034399584,0.03464728,0.047656126,0.045259666,0.009635199,0.05227668,0.01781338,0.015976453,0.023781817,0.011353827,0.058290273,0.005052763
0.03439725,0.034637928,0.04766992,0.045230612,0.009629249,0.05226695,0.017821401,0.015969474,0.023760615,0.011362261,0.058278196,0.0050501125
0.0343958,0.034627438,0.047676384,0.045188602,0.009623581,0.052280642,0.017827393,0.015961504,0.023739979,0.011370132,0.058262244,0.0050475784
0.034398004,0.034624934,0.047686055,0.045148272,0.009619977,0.052298978,0.017834267,0.015953004,0.023721304,0.011377564,0.05824775,0.005044775
0.034400124,0.034625515,0.047696102,0.045110673,0.009615345,0.05231785,0.01784629,0.015946036,0.0237001,0.01138471,0.05823805,0.0050422125
0.034398083,0.034626573,0.04769987,0.04507952,0.009610641,0.052329723,0.017856004,0.015939828,0.023679128,0.011390427,0.058223862,0.005038919
0.034399472,0.03461982,0.04770537,0.045042403,0.00960443,0.052351456,0.017866192,0.015932724,0.023662439,0.011395722,0.05820845,0.0050354684
0.034405377,0.03461977,0.04770127,0.04501428,0.009598758,0.05237082,0.017875958,0.015925512,0.02364598,0.011402268,0.058187205,0.005032144
0.034409758,0.034620862,0.047699157,0.044990942,0.009592355,0.052393522,0.017889516,0.015919594,0.02362951,0.011407648,0.05817161,0.005028719
0.03441819,0.034627073,0.047691822,0.04495885,0.009583982,0.052419532,0.017901184,0.015910557,0.023613477,0.011413351,0.05815114,0.005024889
0.0344271,0.03463312,0.04768468,0.044932783,0.009578172,0.05245732,0.0179154,0.01590249,0.023597648,0.011418021,0.058126707,0.0050204424
0.034437537,0.03464016,0.04766751,0.044909593,0.009570571,0.052494787,0.017933715,0.01589479,0.02358122,0.011422054,0.058105156,0.005015574
0.034449488,0.03464988,0.047651365,0.044891473,0.009562325,0.05253693,0.017951543,0.015887534,0.023567885,0.011426603,0.058078162,0.0050108167
0.03446332,0.034662783,0.047625408,0.04487526,0.009553288,0.05258079,0.017968146,0.015877293,0.023555769,0.011428117,0.058054417,0.0050057387
0.03447963,0.034693364,0.04759952,0.044853255,0.00954705,0.052609507,0.017981874,0.015866619,0.02354318,0.011429685,0.05802797,0.005001684
0.034494273,0.034744065,0.047577318,0.04482752,0.009545125,0.052641466,0.017991997,0.015862532,0.023538511,0.01143079,0.058001008,0.0050007515
0.034506783,0.03475317,0.047558445,0.044830587,0.009537545,0.052649386,0.018000774,0.01585838,0.02354255,0.011430014,0.05798412,0.004998401
0.034513585,0.03476319,0.04754022,0.04483906,0.009534676,0.05266348,0.018008437,0.015856534,0.023550006,0.01142711,0.057966746,0.0049965084
0.03461671,0.034883127,0.047284972,0.045076143,0.00948695,0.052583713,0.0180719,0.015817456,0.02362797,0.011376421,0.057926,0.00498912
0.03464741,0.03492926,0.047207445,0.045147132,0.009474836,0.05253708,0.018092118,0.015807964,0.023638187,0.011362716,0.057915732,0.004987042
0.034650605,0.03494054,0.04720663,0.045149896,0.009472679,0.05253397,0.01809346,0.015806904,0.02364023,0.011360472,0.057905395,0.004987809
0.0346505,0.03492496,0.04720479,0.04515081,0.009472363,0.052553825,0.018092524,0.015809122,0.023644246,0.011361376,0.057903666,0.0049874256
0.03464829,0.03492881,0.04720583,0.04515333,0.009472966,0.052556533,0.01809731,0.015809137,0.023642398,0.0113622015,0.05790448,0.0049875746
0.03464342,0.034928773,0.047206726,0.04514998,0.009473611,0.05255348,0.018097531,0.01580809,0.02363937,0.011361586,0.05790373,0.0049871127
0.034636773,0.03492817,0.04720898,0.045143206,0.009473284,0.05255412,0.01809808,0.015807595,0.023637446,0.011361714,0.057899736,0.004987118
0.034635328,0.034926333,0.04720933,0.04514259,0.009474443,0.052559417,0.018098218,0.015809152,0.023636851,0.011362748,0.057897605,0.0049872077
0.034633104,0.034923587,0.047208615,0.045140494,0.009474801,0.05256402,0.018098153,0.015810184,0.023636943,0.011362957,0.057893936,0.0049867416
0.03463092,0.034922082,0.04720963,0.045137357,0.00947481,0.052569184,0.018098371,0.01581045,0.023636824,0.011364189,0.05789032,0.004986723
0.034630425,0.034917206,0.04721313,0.045134112,0.009475002,0.052574262,0.01809845,0.01581048,0.023636812,0.011364978,0.05789097,0.0049867085
0.034627996,0.034916293,0.04721227,0.045131102,0.009475431,0.052578162,0.01809831,0.015811646,0.023636587,0.011365808,0.057888042,0.0049864673
0.034626268,0.03491528,0.04721219,0.045129847,0.009475638,0.052579094,0.018098371,0.01581295,0.023636993,0.011366733,0.057889685,0.004986576
0.03462403,0.03491245,0.04721357,0.045126475,0.009475709,0.052581076,0.01809801,0.015813084,0.023635706,0.011367184,0.057888113,0.004986247
0.034621697,0.034909565,0.047214553,0.045121633,0.009475674,0.05258263,0.018097352,0.015812833,0.023634538,0.011367329,0.05788967,0.004985959
0.034618028,0.034909528,0.047217913,0.04511901,0.009475955,0.052584525,0.018097967,0.01581264,0.023633488,0.011367897,0.057887677,0.0049861027
0.034617595,0.034907985,0.047218878,0.04511637,0.009476524,0.052588817,0.018097123,0.015813107,0.023633098,0.011368379,0.05788691,0.004986004
0.034615964,0.03490563,0.04722066,0.04511342,0.009477241,0.052590948,0.018097065,0.015813915,0.02363238,0.011368942,0.05788751,0.00498585
0.03461432,0.03490585,0.047223467,0.045108583,0.009477021,0.052593607,0.018097226,0.015813412,0.023630843,0.011369445,0.05788824,0.0049858284
0.034612887,0.03490413,0.047226314,0.045102905,0.009477075,0.052595057,0.018096624,0.015812619,0.023630375,0.011369938,0.05788881,0.004986004
0.034611676,0.034903437,0.04722764,0.045100648,0.009477513,0.052596234,0.018096099,0.015813181,0.023629809,0.011370335,0.057888303,0.0049859635
0.034609955,0.03490188,0.047228195,0.045097843,0.009477754,0.052596208,0.0180959,0.015813457,0.023629038,0.011370668,0.057889257,0.0049858782
0.034609463,0.03490197,0.04722971,0.04509722,0.009477929,0.05259633,0.01809575,0.015813375,0.023628015,0.011371188,0.057888746,0.0049858736
0.034609072,0.03490012,0.04723193,0.045097392,0.009478565,0.052599978,0.01809587,0.015814546,0.023627998,0.011371606,0.05788798,0.004985935
0.034608092,0.03489933,0.047233015,0.0450934,0.009478463,0.05259963,0.018095078,0.015813893,0.02362784,0.011372061,0.057887927,0.004985928
0.034608092,0.034899592,0.047233164,0.045093622,0.009479022,0.05260134,0.018095672,0.015814599,0.023628037,0.011372303,0.05788776,0.004986008
0.03460771,0.03489889,0.047234356,0.04509214,0.009479112,0.052600946,0.018094918,0.015814925,0.023628037,0.0113724265,0.057888567,0.0049859206
0.034607247,0.034898918,0.047233928,0.045091603,0.009479326,0.05259879,0.018095363,0.01581474,0.023627553,0.011372699,0.05789118,0.004985999
0.034607414,0.03489862,0.04723437,0.04509111,0.00947951,0.05259862,0.018095287,0.01581479,0.023627168,0.011372791,0.057891786,0.0049860864
0.034607477,0.03489992,0.0472344,0.045090206,0.009479751,0.052598156,0.018095205,0.015814798,0.023626938,0.011372978,0.05789183,0.004986295
0.034607694,0.034900043,0.047235526,0.045089856,0.009479936,0.052598108,0.01809551,0.01581517,0.023626355,0.01137329,0.05789114,0.00498637
0.034606975,0.034900002,0.047235966,0.04508919,0.009479989,0.052597407,0.018095363,0.015815,0.023626119,0.011373444,0.057892956,0.0049864245
0.03967239,0.027437506,0.02934166,0.04198125,0.008385448,0.057679962,0.019599732,0.013417691,0.026350193,0.0066219987,0.051287882,0.017602468
0.039030403,0.034818728,0.029975975,0.043775067,0.0084478995,0.07142645,0.020543193,0.017931439,0.02985655,0.007085349,0.058566675,0.014891339
0.04974772,0.03719287,0.028703483,0.047946174,0.008641203,0.077499926,0.02421236,0.02079553,0.033568352,0.0072894874,0.061887667,0.015337698
0.05889697,0.04120684,0.027916979,0.05223479,0.0080035245,0.07762083,0.023413435,0.022758478,0.030873222,0.00763229,0.060287014,0.01777636
0.059338816,0.04076572,0.028774451,0.055087112,0.0077609033,0.07982712,0.023542548,0.025819473,0.034552008,0.0073243836,0.06348911,0.018228088
0.061746377,0.044220902,0.028000193,0.058466338,0.008627648,0.08293233,0.024563488,0.028196562,0.04020032,0.007241369,0.059804104,0.019900946
0.064696915,0.047082227,0.027247,0.06111613,0.009391183,0.08099599,0.02386197,0.028042525,0.042554528,0.0073205745,0.055532467,0.02108376
0.064547695,0.04720236,0.026725195,0.06272121,0.009936216,0.07541945,0.02303853,0.027257286,0.044667523,0.007223197,0.0527348,0.02081786
0.064336926,0.047036715,0.02577483,0.06406037,0.010476953,0.06908422,0.02259017,0.026224354,0.046725754,0.0072392826,0.048766952,0.020999406
0.06441687,0.047052264,0.02488388,0.0652277,0.011031369,0.06411815,0.02223259,0.024862316,0.048327565,0.007281256,0.04552351,0.021264037
0.06417715,0.047396757,0.024080057,0.06612575,0.011415201,0.06094854,0.021814832,0.02397277,0.05046559,0.007189917,0.043805383,0.021278607
0.0640626,0.048232757,0.023433473,0.06677419,0.011734968,0.05896582,0.021494599,0.023586635,0.05311287,0.007095122,0.042674225,0.021567278
0.06398955,0.049333815,0.022979753,0.067215085,0.012046983,0.05768359,0.021227421,0.023383634,0.05569483,0.0070166443,0.041817084,0.022075143
0.06379214,0.050482307,0.022663258,0.067434095,0.012311404,0.056777257,0.020966662,0.023349259,0.058109786,0.0069206394,0.041224502,0.022580754
0.063426994,0.05155278,0.022416582,0.0673695,0.012573364,0.055836175,0.020753073,0.023360705,0.060205854,0.006835858,0.040731125,0.023083376
0.06288059,0.052439738,0.022170547,0.06712039,0.012871646,0.054703396,0.020561088,0.023267014,0.061873637,0.0067647737,0.040275764,0.023479965
0.062222674,0.05324473,0.02188662,0.06687172,0.013220751,0.053481612,0.020372903,0.023034656,0.06329258,0.006693088,0.039795868,0.023684043
0.061425425,0.05417747,0.02156977,0.06668136,0.013669792,0.052317467,0.02018854,0.022674112,0.064743645,0.006621892,0.03916823,0.023747938
0.060425177,0.05535331,0.02130081,0.06658577,0.014253594,0.051412065,0.020019965,0.022278316,0.06646345,0.0065681157,0.038433667,0.023784056
0.059291374,0.056797937,0.021211214,0.06656051,0.014931535,0.050909393,0.019917918,0.022018952,0.06860806,0.006550532,0.03782486,0.023932595
0.058208555,0.058480445,0.021351129,0.0667218,0.015723445,0.05084704,0.01995755,0.021942671,0.071042635,0.006577892,0.037410945,0.024260491
0.05719994,0.060043346,0.021618152,0.06702516,0.016632028,0.05100812,0.02010208,0.021940723,0.07325695,0.006630015,0.037073005,0.024640784
0.05612385,0.060919356,0.021843595,0.06721033,0.017571993,0.05099866,0.020240288,0.021867855,0.07477618,0.0066927685,0.036750235,0.02494018
0.055017658,0.06098443,0.02187461,0.06741265,0.018529203,0.05079837,0.020306244,0.021606289,0.0756102,0.006739976,0.036341794,0.025070364
0.053858794,0.06070855,0.021525146,0.06856614,0.019688554,0.05114385,0.020257022,0.02104077,0.076320946,0.0066959867,0.03559107,0.02499157
0.052786645,0.06037231,0.021160565,0.07055623,0.021001214,0.05168362,0.020151354,0.020487584,0.07721321,0.0066832304,0.03496135,0.02480455
0.0519043,0.059750658,0.021158023,0.07189327,0.022150712,0.051711876,0.020095797,0.020197583,0.07873413,0.0068168356,0.034715198,0.024661679
0.05102083,0.059093468,0.021291593,0.07281804,0.023256011,0.051816233,0.020115104,0.019997904,0.080834895,0.006978531,0.034444958,0.024573408
0.050034087,0.058785513,0.021488952,0.07386645,0.02450358,0.052097812,0.020204568,0.019808467,0.08294356,0.0071362047,0.034089137,0.024512036
0.048984073,0.058860008,0.021732224,0.07500067,0.025907569,0.052468665,0.020318989,0.019600919,0.08486311,0.007280101,0.03367399,0.024479523
0.047945227,0.059142977,0.02199081,0.07605318,0.027391793,0.052832913,0.020440042,0.019385468,0.086432345,0.0074076965,0.03326715,0.024470016
0.04696767,0.059536494,0.022214545,0.076925546,0.028832342,0.053070355,0.02054219,0.019164724,0.087742224,0.0075143427,0.03288422,0.024468224
0.046107825,0.06001773,0.02239902,0.07761914,0.030204171,0.053188637,0.020639298,0.018941673,0.08880755,0.0076042423,0.032531217,0.024468305
0.045384943,0.060536914,0.022532245,0.0781304,0.031442005,0.053216167,0.020723209,0.018729426,0.08974081,0.007677593,0.032216974,0.024467384
0.04476067,0.06111399,0.022618758,0.07850317,0.032549825,0.053208128,0.020797372,0.018533852,0.090614475,0.007734195,0.03192577,0.024463017
0.04422654,0.06172281,0.022669997,0.07874196,0.03352416,0.05319392,0.020858718,0.018363874,0.09147713,0.007777801,0.031666268,0.024466978
0.043778095,0.06235495,0.022696018,0.078893326,0.034396958,0.053195037,0.020914065,0.018217253,0.09230096,0.0078119477,0.03143396,0.024470652
0.04336653,0.06300766,0.022698095,0.07895962,0.035155527,0.05321764,0.02095903,0.018098472,0.0931258,0.00783804,0.031225681,0.024484757
0.043002173,0.06365562,0.022689957,0.078964874,0.035863083,0.053249292,0.021003293,0.01798667,0.09391383,0.007859241,0.031020962,0.024494177
0.042672507,0.0643105,0.022663886,0.07892262,0.036496088,0.05328536,0.021037288,0.017885346,0.094616815,0.007874013,0.030831853,0.024501711
0.042350013,0.0649194,0.022622757,0.078807466,0.03707146,0.053296454,0.021063209,0.017786495,0.09527965,0.007887181,0.030643258,0.024509
0.04204483,0.06552051,0.022571295,0.07864682,0.037596952,0.053280033,0.021080183,0.01768663,0.09589218,0.007896361,0.030459028,0.02451117
0.041757513,0.06607602,0.02250704,0.07843362,0.03807119,0.053257518,0.02109467,0.017589023,0.09646277,0.007905264,0.030277194,0.024508433
0.04147086,0.06662014,0.022431882,0.0781692,0.03850644,0.053214427,0.021097265,0.017485702,0.09699424,0.007912739,0.030091887,0.024503767
0.041201714,0.06714712,0.022355635,0.07791043,0.0389097,0.05317531,0.021103717,0.017390236,0.09752814,0.007919919,0.029911375,0.02449765
0.04092326,0.0676616,0.022268903,0.07760419,0.039272223,0.05311729,0.021099212,0.017289616,0.09805079,0.007927671,0.029727878,0.02449928
0.040655933,0.068167016,0.02218173,0.077294834,0.039618984,0.053063553,0.02109201,0.017191276,0.09855611,0.007935517,0.029548183,0.024495687
0.04040166,0.06866128,0.02209646,0.07698599,0.03993864,0.053018894,0.021087503,0.017094368,0.09904831,0.007942821,0.029363912,0.024490075
0.0401357,0.06913148,0.02200583,0.07665105,0.040234856,0.05296711,0.021078922,0.017001312,0.099561386,0.007951513,0.029182749,0.024494115
0.039877478,0.06959185,0.021915678,0.07632266,0.04052843,0.052915383,0.02106994,0.016905043,0.10002688,0.007959958,0.029004544,0.024489984
0.03962618,0.07001276,0.021823583,0.07597928,0.0407801,0.05284243,0.021054799,0.0168143,0.100510806,0.007968241,0.02882801,0.024489371
0.0393786,0.07042779,0.021730084,0.07561831,0.041002553,0.052764513,0.021038003,0.016721042,0.10095403,0.007979837,0.028658494,0.0244933
0.03913789,0.07080866,0.021636797,0.07525839,0.041209947,0.05268791,0.021016713,0.016626764,0.101387165,0.007989434,0.028488219,0.024493527
0.03891117,0.07119001,0.021547914,0.07490854,0.04141053,0.052598882,0.021000287,0.016538188,0.10181079,0.007999145,0.028328318,0.02448994
0.038680542,0.071553074,0.021455923,0.07454879,0.041583747,0.052524105,0.020978471,0.016448006,0.10223919,0.008008254,0.028169686,0.024491077
0.038447566,0.07189011,0.02135974,0.07419353,0.041747145,0.052450802,0.020957073,0.016362954,0.10267993,0.008016035,0.028004372,0.024492465
0.038230117,0.07222169,0.021272339,0.0738487,0.04190923,0.052361783,0.020938834,0.01628099,0.10309914,0.00802711,0.027852664,0.024498519
0.038025238,0.07253898,0.021186195,0.0735199,0.042046554,0.0522853,0.020913774,0.016197963,0.103481434,0.008034122,0.027710604,0.024493285
0.037829746,0.07282366,0.02110316,0.0732068,0.04216938,0.052207705,0.020893773,0.016124722,0.1038459,0.008044183,0.027575556,0.024499124
0.02517714,0.042804472,0.023448016,0.05497045,0.05249845,0.038164936,0.009297153,0.030649133,0.0341305,0.005351509,0.031230595,0.022900423
0.03085369,0.042135354,0.027227236,0.054049857,0.052337486,0.041103996,0.009709472,0.04575607,0.02878949,0.007684949,0.033089306,0.021123992
0.028880008,0.038999144,0.025436165,0.054054353,0.04785792,0.038496625,0.008317072,0.049597707,0.029616304,0.008493844,0.032115147,0.020829098
0.02834546,0.039159406,0.0263684,0.05125935,0.046334866,0.036087524,0.007476801,0.046887018,0.025889711,0.009110382,0.033452332,0.020416478
0.030135179,0.03574359,0.02586331,0.052622672,0.045495078,0.038649324,0.0074956254,0.049434837,0.023948338,0.01004843,0.03442996,0.020386249
0.029247876,0.032776345,0.025661949,0.05297306,0.043638412,0.03803124,0.0074677896,0.049571317,0.023253212,0.010914969,0.03536514,0.019944586
0.029396141,0.03188071,0.02623639,0.052736957,0.043005854,0.036030594,0.0075262194,0.050027233,0.022615638,0.012003391,0.03636965,0.020243963
0.029960942,0.030754983,0.027015429,0.052933082,0.04181923,0.03531534,0.0076036206,0.050538488,0.022038193,0.01304228,0.037070137,0.021120027
0.030306436,0.029942611,0.027731288,0.0524134,0.04009457,0.033939954,0.007509401,0.05045183,0.021784961,0.013988181,0.038190242,0.021836817
0.03087915,0.029432867,0.028115053,0.05171203,0.038340747,0.03220769,0.007322026,0.050617233,0.021182552,0.01492913,0.039389975,0.022556618
0.09091685,0.038018323,0.033122227,0.07695012,0.017509459,0.038235903,0.006979274,0.047928523,0.048642013,0.008943984,0.049079575,0.021860184
0.07369257,0.040314056,0.030688502,0.069209464,0.019814773,0.040819652,0.008814487,0.039743554,0.061336692,0.007819724,0.046372414,0.020915704
0.076145746,0.03846822,0.028860012,0.090041935,0.020260397,0.044351712,0.009869473,0.04003103,0.054559242,0.00703246,0.038744025,0.020299572
0.08530299,0.047589384,0.027940318,0.111907765,0.019985748,0.04248268,0.010536128,0.03537271,0.05006552,0.0060682,0.034665093,0.019424789
0.085619174,0.048419215,0.02771486,0.11435116,0.023638932,0.041178014,0.012869083,0.03261185,0.05256173,0.0058640847,0.033768285,0.021644313
0.08021748,0.05132675,0.02634907,0.11218894,0.028930707,0.044246163,0.015059445,0.030942807,0.058028087,0.005765812,0.03224187,0.023057943
0.07473561,0.054431774,0.0261479,0.104204714,0.031903215,0.04697529,0.01616924,0.029895386,0.059929155,0.005800626,0.031856336,0.023854384
0.067898035,0.053912606,0.026006369,0.09421519,0.034399033,0.046631627,0.01719953,0.028543694,0.06138563,0.005988885,0.031739485,0.02435903
0.06289766,0.05294781,0.025401797,0.086649686,0.036126763,0.044680577,0.017541159,0.026271822,0.06282239,0.006137298,0.03091962,0.024200223
0.05992867,0.052671902,0.024761109,0.08181104,0.03633446,0.043175384,0.017608818,0.024178574,0.06404994,0.0062297382,0.030252283,0.02372707
0.057661653,0.052803546,0.024230763,0.078892305,0.03641567,0.042503193,0.017803613,0.02254655,0.0658965,0.0063751475,0.029812867,0.023358367
0.03749767,0.046851784,0.025057495,0.060775783,0.0240865,0.04283749,0.015140267,0.03094793,0.04472121,0.0047328053,0.05378587,0.009253798
0.04547891,0.045967855,0.026674213,0.05483396,0.01990409,0.048233,0.0139750745,0.03356333,0.040217966,0.0061039375,0.051765453,0.010246507
0.047245476,0.045395862,0.029803708,0.058789987,0.017191939,0.04845049,0.015377452,0.03156005,0.045185864,0.006318483,0.053067565,0.00959849
0.03606064,0.0426329,0.031751968,0.05937902,0.015139179,0.051616617,0.013466355,0.0331882,0.047605876,0.006123355,0.053978518,0.006374634
0.03469681,0.0424072,0.03493238,0.060951445,0.015266418,0.05517809,0.012352675,0.033730265,0.045442987,0.006642994,0.05401153,0.0050879386
0.036817145,0.042139933,0.039067674,0.061387457,0.015076394,0.057244066,0.012870113,0.03264607,0.04484685,0.0072117303,0.05672331,0.004714474
0.03750974,0.0398586,0.04229326,0.05920307,0.014266637,0.05723016,0.012789297,0.031754002,0.04392305,0.007721047,0.058843065,0.0044352473
0.038116615,0.036067545,0.045154482,0.055900615,0.013280327,0.05522876,0.012685412,0.03124418,0.041964706,0.008370846,0.06056656,0.0043412624
0.038469095,0.03277537,0.04694422,0.05350235,0.0122700045,0.052392695,0.012690305,0.030673398,0.04021608,0.008828859,0.06204141,0.0043107667
0.03825695,0.030227987,0.047625847,0.052581936,0.011445304,0.050628506,0.012596977,0.030573731,0.039003294,0.009093605,0.06230469,0.004255254
0.03766493,0.028405387,0.047882725,0.052362975,0.0109560685,0.050035845,0.0126112085,0.030731428,0.03789319,0.009343744,0.06194708,0.0042123846
0.03690106,0.027288327,0.047820304,0.052426603,0.010700212,0.050098937,0.012726392,0.030801835,0.036697943,0.009537987,0.061914366,0.0041741235
0.036220815,0.026653856,0.04763874,0.052738596,0.010594599,0.05063808,0.012840149,0.030800017,0.03560868,0.00970299,0.061937407,0.0041457317
0.0357344,0.026276046,0.047574595,0.05307999,0.010559737,0.051325466,0.01297998,0.030658206,0.034674443,0.009873691,0.061929747,0.0041375165
0.035415683,0.026056547,0.047545575,0.053324416,0.010537356,0.05187393,0.013130216,0.030347584,0.033859316,0.010008802,0.062041704,0.004139769
0.035220955,0.025933465,0.047508705,0.05349062,0.01051266,0.052253913,0.013262857,0.029972157,0.033171356,0.010105058,0.062189054,0.004147439
0.035093278,0.025841948,0.047495935,0.053559966,0.010472495,0.05246515,0.013390046,0.029569788,0.032577615,0.010182266,0.062296636,0.004158096
0.03498276,0.025828542,0.047594197,0.053385414,0.010405991,0.05233385,0.013520289,0.029129341,0.032006014,0.010273343,0.06225051,0.004175089
0.03484537,0.026015893,0.048175953,0.052445557,0.01025494,0.05112378,0.013655635,0.02863415,0.03126643,0.010503528,0.06155632,0.004223245
0.0346626,0.026341226,0.04907538,0.05131568,0.010089601,0.049513645,0.013781016,0.028017383,0.030325929,0.010761613,0.060328815,0.004273624
0.03452702,0.026565813,0.049674343,0.050871875,0.010040214,0.048833776,0.013928295,0.02726647,0.02946024,0.010820047,0.059564672,0.0042705755
0.03442021,0.026838036,0.04999621,0.050733797,0.0100388825,0.04844133,0.014115629,0.026505357,0.0287133,0.0108149955,0.059406523,0.0042671
0.03436346,0.027135765,0.05026824,0.05060988,0.010058587,0.048203856,0.01430912,0.025842192,0.028151944,0.010799941,0.059516143,0.0042821146
0.034334056,0.027395267,0.05053636,0.05048768,0.010076536,0.04817197,0.014495369,0.025262795,0.027763003,0.010783916,0.059716534,0.0043042204
0.034329362,0.027626146,0.05076288,0.05039765,0.010097019,0.048268862,0.01467573,0.024744706,0.027494824,0.010775461,0.05993922,0.004325417
0.034336157,0.027847689,0.050966676,0.050296675,0.010118838,0.048417952,0.014857038,0.024252752,0.027292622,0.010774607,0.060158513,0.0043471013
0.034352392,0.028050987,0.051154193,0.05018419,0.01014063,0.048577722,0.015025915,0.023774484,0.027134158,0.010774713,0.060335856,0.0043691806
0.034370266,0.028250754,0.051286936,0.05007828,0.010163548,0.048743676,0.015192709,0.023314284,0.027005991,0.010776975,0.06048621,0.004392916
0.034390867,0.028448606,0.05138037,0.04996101,0.010183588,0.048910532,0.0153491385,0.022869144,0.026895894,0.010777275,0.06058624,0.0044176965
0.034403782,0.02864458,0.05143995,0.049830984,0.01020119,0.049079143,0.015492176,0.022433579,0.026797328,0.010777432,0.060650848,0.0044448753
0.034415055,0.02884927,0.051434997,0.049690783,0.010218918,0.049244054,0.01562798,0.022016339,0.026712103,0.010776599,0.06067189,0.004474733
0.03443513,0.029063946,0.051399224,0.04954147,0.010231165,0.049416758,0.015755497,0.021612262,0.026625376,0.01077851,0.0606639,0.0045071132
0.034451216,0.029288748,0.051312532,0.049387857,0.01023972,0.049576785,0.0158714,0.02122163,0.02654285,0.010778963,0.060635824,0.004541766
0.03446532,0.029530235,0.051178463,0.049236298,0.010247146,0.049721207,0.015983965,0.020851055,0.02645809,0.010784933,0.060585722,0.004580145
0.03448474,0.029788753,0.05100833,0.049073894,0.0102502955,0.049859524,0.016086746,0.020490913,0.026374552,0.010785107,0.060525224,0.004620329
0.034495942,0.030054286,0.05080905,0.04890775,0.010247785,0.04999613,0.016184716,0.020150058,0.026284274,0.010792663,0.060439687,0.004662307
0.034514304,0.030330554,0.050580308,0.048753724,0.010244627,0.05011947,0.016270177,0.019828552,0.02619568,0.010799024,0.06035623,0.004704555
0.034536734,0.030613327,0.050346624,0.048602026,0.010240117,0.05023629,0.016354611,0.019525044,0.026105244,0.01080864,0.06026824,0.004748489
0.034552105,0.030888228,0.050108094,0.04845758,0.010230953,0.050340332,0.016430775,0.019240463,0.026012035,0.010818679,0.06017949,0.0047906567
0.03456532,0.03116222,0.049854655,0.04833073,0.01022201,0.05043494,0.016501613,0.018981647,0.025921972,0.010829619,0.060100146,0.0048310054
0.03457632,0.031437866,0.049613606,0.04822032,0.010211854,0.05051743,0.01657184,0.018742884,0.025830934,0.010840541,0.060017977,0.0048702704
0.034584466,0.03168463,0.049387667,0.04811631,0.010198286,0.050597016,0.016633049,0.018523157,0.025744727,0.010853991,0.05995604,0.004905822
0.034589123,0.031932198,0.049180433,0.048036084,0.010186112,0.05066118,0.016693963,0.018328162,0.025658812,0.010868237,0.05989314,0.004939515
0.03458885,0.032146636,0.04899387,0.047958676,0.010173091,0.050725833,0.016747994,0.018148884,0.025583366,0.010881548,0.059833057,0.004968849
0.034592226,0.03235309,0.048817202,0.047904212,0.010158936,0.050789554,0.016799016,0.017996155,0.02550789,0.010897937,0.05978444,0.0049948683
0.034587603,0.032541253,0.048671927,0.047846776,0.010145835,0.050835952,0.016848903,0.017851815,0.025438188,0.010913666,0.059741642,0.005018647
0.03458261,0.032700747,0.048536163,0.047797885,0.010129427,0.050889574,0.016893018,0.017726375,0.025372578,0.01092884,0.059702594,0.0050386586
0.034571994,0.032853723,0.04841763,0.047758378,0.010113872,0.05092639,0.016936168,0.017610112,0.025311628,0.0109428745,0.0596646,0.0050559426
0.034563072,0.032984328,0.048306845,0.04773582,0.010095865,0.05095743,0.016975503,0.017509878,0.025253322,0.010960005,0.059631083,0.0050732624
0.034550156,0.03309859,0.048217334,0.04771533,0.010076902,0.050980248,0.017012488,0.017421085,0.02520076,0.010975539,0.059602268,0.0050873714
0.03453883,0.03319902,0.048132848,0.04769878,0.010059132,0.051004022,0.01704591,0.017341318,0.025157245,0.010989596,0.059577707,0.0050990926
0.03452535,0.03328583,0.048057728,0.047683123,0.01004221,0.051024012,0.017077416,0.017265415,0.025116192,0.011002191,0.05955367,0.005109471
0.034514494,0.033357546,0.047994006,0.04765733,0.010023526,0.051042676,0.017105412,0.017196272,0.025077924,0.011015025,0.059530254,0.005117821
0.0344999,0.033422317,0.047940426,0.047643315,0.010006295,0.051059607,0.017130924,0.017132668,0.02504444,0.011027067,0.05950993,0.0051256595
0.03448483,0.033479586,0.04788218,0.04763383,0.009989835,0.05108024,0.017155783,0.017076552,0.025015168,0.011037055,0.059493605,0.005131301
0.034472827,0.03353663,0.04784072,0.047623124,0.0099743325,0.051096033,0.017180333,0.017022714,0.024990229,0.0110477675,0.059470784,0.005136306
0.034463327,0.03357783,0.04780535,0.047610935,0.009959925,0.05112453,0.017202536,0.016974954,0.024969557,0.011057812,0.059457943,0.005140508
0.03444845,0.033614807,0.047764078,0.047599964,0.0099443775,0.051135935,0.017223258,0.01692808,0.024949277,0.011065924,0.05944593,0.005143789
0.034439217,0.033642948,0.047731243,0.047583994,0.009930416,0.05115533,0.017239489,0.016883811,0.024931101,0.011073513,0.059426133,0.005146179
0.03442774,0.03367153,0.047707595,0.0475733,0.009916848,0.05117241,0.017257927,0.016845474,0.024915988,0.011082655,0.059416946,0.0051485444
0.040058002,0.02623203,0.029588986,0.045187663,0.008667988,0.055318326,0.018142443,0.014314466,0.028046105,0.0063795163,0.053319328,0.018587722
0.039229203,0.03353446,0.029957,0.046627853,0.008600833,0.06852429,0.019252572,0.019270528,0.031705204,0.0067103566,0.060940295,0.015495579
0.04975524,0.035806682,0.028464029,0.051315796,0.008779922,0.07460274,0.022909861,0.022678804,0.03560253,0.006861171,0.06425325,0.015985794
0.05900706,0.04003593,0.027605532,0.055870976,0.008091142,0.07469503,0.022190379,0.02466751,0.03239702,0.0071761175,0.062444378,0.018520547
0.059590816,0.039853405,0.028290456,0.058362044,0.007782259,0.07655719,0.022300566,0.027525697,0.036332157,0.006875919,0.065361574,0.01876018
0.062062133,0.043282848,0.02749773,0.061712015,0.008609953,0.07908377,0.02337409,0.029485391,0.04241519,0.0068333982,0.061082248,0.020424308
0.064864844,0.045928072,0.026825558,0.06400924,0.009342853,0.07635289,0.022852793,0.028774502,0.04480413,0.00698135,0.056355916,0.021662172
0.064326555,0.04585021,0.026351254,0.06493375,0.009839887,0.07029527,0.02216525,0.027550818,0.046881676,0.006946371,0.05337763,0.021357993
0.027867047,0.031446952,0.029813172,0.044845995,0.008555288,0.0751053,0.022418475,0.024328265,0.048829485,0.0025961576,0.05530084,0.009476811
0.045064792,0.026783392,0.038868506,0.044037893,0.0076862215,0.06048381,0.020685753,0.027153501,0.037927825,0.0036787486,0.05670826,0.017990164
0.03325495,0.023483386,0.034321964,0.039831277,0.00829574,0.0478386,0.016510561,0.026835749,0.032367673,0.0057147765,0.054550685,0.010570638
0.036467116,0.023797391,0.039336424,0.04597076,0.00903232,0.05274017,0.017572906,0.030392975,0.032008603,0.006754324,0.05775741,0.008441938
0.03599018,0.024629228,0.045565024,0.046970062,0.008363044,0.05467298,0.017823953,0.028987482,0.032374613,0.006972071,0.05822862,0.0075503313
0.030570159,0.022433424,0.04800601,0.04789995,0.008324387,0.056682106,0.016604004,0.028174333,0.032345228,0.0074395263,0.058827,0.0056646178
0.028229294,0.023911245,0.04703463,0.052066,0.009143371,0.061142754,0.015740974,0.02771918,0.032804932,0.0079881875,0.05949636,0.004492829
0.02841763,0.025850585,0.049932085,0.0543828,0.010003248,0.066277586,0.016019111,0.02730395,0.03321506,0.008784251,0.05991387,0.0042071734
0.029453203,0.026607443,0.053962775,0.053196035,0.010582279,0.06748417,0.016618526,0.02647457,0.032499757,0.0096574705,0.061468277,0.004173051
0.030800285,0.027014887,0.056526564,0.051276952,0.010870032,0.06465424,0.016829293,0.02542307,0.031178815,0.010339856,0.06352269,0.0042543747
0.031941786,0.027042674,0.057451528,0.04994421,0.01089969,0.060557228,0.016686456,0.024624659,0.030082284,0.01070571,0.06460089,0.0043474007
0.0327373,0.026822299,0.057789925,0.049247827,0.010816122,0.057485312,0.016484441,0.024154792,0.029223235,0.010936466,0.06445062,0.0044104694
0.043020982,0.016343232,0.023245623,0.04479652,0.022681197,0.032536685,0.012352838,0.0421377,0.01813328,0.010748682,0.050395593,0.0021226106
0.037714757,0.016631544,0.026190681,0.0238484,0.025924837,0.028205996,0.012659859,0.04182515,0.017302997,0.013136903,0.054109897,0.0026314799
0.039312344,0.014399007,0.026079698,0.028230175,0.017901385,0.044000704,0.009455399,0.033799347,0.018635405,0.014174445,0.040675484,0.0035583104
0.04322745,0.0129669495,0.028200371,0.036891215,0.018898487,0.045962613,0.010222415,0.036097687,0.021508833,0.017435035,0.040650554,0.0034875546
0.045608956,0.015224053,0.031580113,0.039959084,0.025286894,0.045071322,0.008162477,0.03124614,0.021663785,0.01811784,0.04806771,0.0031935228
0.04876557,0.016638275,0.031382095,0.03865712,0.028883269,0.052093364,0.0077718943,0.030181203,0.021042762,0.020383269,0.043628637,0.0036733556
0.05084361,0.0168505,0.032182515,0.041511964,0.03351653,0.04989023,0.008095966,0.032050326,0.02148316,0.02250994,0.04659134,0.004003325
0.052990135,0.017272174,0.033226766,0.041838672,0.036018737,0.046819575,0.008055111,0.032954454,0.021479024,0.02375475,0.048227753,0.004185955
0.05594171,0.01698277,0.03337906,0.040548585,0.035954177,0.04661564,0.008182038,0.033501025,0.020884845,0.025608232,0.04617348,0.004613757
0.057894766,0.016437357,0.03298206,0.039734446,0.035295103,0.04595839,0.008343488,0.033862446,0.02029328,0.027241696,0.044314582,0.0049044164
0.059246972,0.016216224,0.032789662,0.0384932,0.0346376,0.04505033,0.008432097,0.033510797,0.019650286,0.0283341,0.042489626,0.005062798
0.059884626,0.015808715,0.03250324,0.037012354,0.03383825,0.044633858,0.008504244,0.033081133,0.01902713,0.029019957,0.04048078,0.0052267932
0.060182467,0.015265981,0.032036986,0.035985306,0.03311698,0.044295374,0.008576836,0.032974772,0.018503299,0.029367365,0.0388732,0.005383199
0.060436178,0.01488545,0.03165449,0.035348207,0.032646544,0.043853804,0.008667901,0.032964706,0.018093634,0.029483734,0.03787262,0.005538105
0.06084787,0.014637999,0.031450115,0.034951057,0.03238171,0.043497078,0.008781674,0.032952357,0.017780466,0.029505901,0.037244797,0.0057161585
0.061506025,0.014446311,0.031377025,0.034742653,0.0322334,0.04319483,0.008915385,0.033007484,0.017529238,0.029490374,0.036842164,0.005912551
0.062238894,0.014314071,0.031443756,0.034585588,0.032190625,0.04289618,0.009073947,0.033089112,0.017313695,0.0294419,0.036600668,0.006117169
0.062963046,0.01422405,0.0316348,0.03439575,0.03223507,0.042644247,0.009258355,0.03318478,0.017128654,0.029386222,0.036449,0.0063285474
0.0636702,0.014144347,0.03189612,0.03414994,0.03234622,0.04244064,0.009460165,0.033328276,0.016950266,0.029302752,0.036317825,0.0065408726
0.06432602,0.014067192,0.032184556,0.033842772,0.032515313,0.042289574,0.009682005,0.033504065,0.016765105,0.029203622,0.036175255,0.006752623
0.06486687,0.013998861,0.032468688,0.03349015,0.032740053,0.04218964,0.009912748,0.033698436,0.016582025,0.029082125,0.036032274,0.006958396
0.06536182,0.013927647,0.032719802,0.03310522,0.033006564,0.04213741,0.010145863,0.033912994,0.01639488,0.028945487,0.035859335,0.007159134
0.06581729,0.013854127,0.032928403,0.03271182,0.033313375,0.042123403,0.010374872,0.034137055,0.016208809,0.028809065,0.035672516,0.0073538315
0.066236995,0.013787363,0.03308951,0.032317862,0.033669963,0.042154487,0.010601564,0.03436401,0.016027449,0.028682588,0.03547653,0.0075449985
0.06660775,0.013707561,0.03321419,0.031939767,0.034026787,0.042189993,0.010811456,0.03459121,0.015857762,0.028558131,0.035275318,0.007723696
0.06698315,0.013649978,0.033305008,0.031568363,0.034420658,0.042256426,0.011013207,0.034793098,0.015697446,0.028450344,0.035074346,0.007902913
0.06735849,0.013604355,0.033371177,0.031211855,0.034856047,0.042362142,0.011195754,0.034966484,0.01554589,0.028362263,0.034868605,0.0080804415
0.06771155,0.013545197,0.033411853,0.030901704,0.035178293,0.04239862,0.011355557,0.035106245,0.015425732,0.028252322,0.0346802,0.008239397
0.05834938,0.010972947,0.013176276,0.07746392,0.007818944,0.03520601,0.022980545,0.05145944,0.021852318,0.013942115,0.02168991,0.005041193
0.051207177,0.0101607395,0.019195393,0.06829993,0.010160821,0.03915647,0.01724167,0.036310792,0.024165507,0.013265564,0.016632112,0.004909066
0.04448798,0.009382865,0.02022379,0.07208753,0.009690046,0.04400649,0.017190326,0.03628649,0.02527333,0.01401794,0.017498339,0.00435019
0.0479451,0.008893347,0.019754793,0.076838575,0.0074194516,0.04474615,0.018981352,0.03713703,0.026440354,0.015124732,0.017137717,0.0044759526
0.052245293,0.009228019,0.019877918,0.07486127,0.006973193,0.041208178,0.016737003,0.036497597,0.026958859,0.014502319,0.0172474,0.0044288826
0.052754693,0.0094034355,0.020651305,0.07574421,0.0064854636,0.039323494,0.016381897,0.034901265,0.026559006,0.015121969,0.017180743,0.0045504295
0.053594813,0.009300944,0.021591457,0.0773147,0.005942306,0.038467303,0.016450237,0.034259446,0.026255324,0.016101757,0.016552502,0.0047474885
0.053531565,0.009201624,0.0224003,0.07651983,0.005551444,0.036792245,0.015923323,0.03315392,0.02556807,0.016456548,0.015757835,0.0048544197
0.052707735,0.008916211,0.023257308,0.07525705,0.005173736,0.034754064,0.015340589,0.031895727,0.0250794,0.016297188,0.015029261,0.0049365703
0.05243576,0.008498166,0.024062946,0.07422239,0.0047238674,0.032847688,0.014777484,0.0309084,0.024711955,0.016047938,0.014314703,0.004993627
0.05250375,0.008084119,0.024637759,0.07255234,0.0042984104,0.031062303,0.014134084,0.03004858,0.024391446,0.015783813,0.013660234,0.0049932976
0.052567452,0.0076752496,0.025076741,0.07063777,0.00392413,0.029559758,0.013587709,0.02928844,0.024146225,0.015566789,0.013085587,0.004957762
0.05266168,0.0073207854,0.025488334,0.06911039,0.003629747,0.028412357,0.013204897,0.02864791,0.02399742,0.015455337,0.012602926,0.004926485
0.052729942,0.0070652673,0.02589527,0.06807381,0.0034385368,0.02755266,0.012945181,0.028058097,0.023929035,0.015418536,0.012227267,0.0049118693
0.052696295,0.0068831253,0.026325293,0.067568995,0.003323456,0.026918223,0.012780865,0.027503053,0.023929816,0.0154239,0.011944215,0.0049178717
0.052584793,0.0067439736,0.026767084,0.06745564,0.003250833,0.026464598,0.012672023,0.02700598,0.023974082,0.01544822,0.011721738,0.004934596
0.052400634,0.0066293455,0.02720411,0.06757315,0.003202899,0.026145903,0.012595578,0.026578102,0.02403756,0.015487188,0.011541578,0.004949714
0.052182145,0.0065395744,0.027602158,0.06778695,0.003172348,0.025919812,0.012546788,0.02622805,0.024117641,0.015531569,0.011394407,0.0049699503
0.05195273,0.0064771613,0.027959278,0.06801945,0.0031505076,0.025750542,0.012506955,0.025910422,0.024220223,0.015567395,0.011268167,0.0049946643
0.05168094,0.006408468,0.028287133,0.06833819,0.0031332928,0.025641307,0.01247524,0.025647746,0.024325607,0.015601733,0.011163309,0.00500615
0.051399942,0.006346134,0.028572572,0.06864493,0.0031195548,0.025559654,0.012453212,0.02543352,0.024436712,0.015634643,0.011070296,0.005015329
0.05112854,0.0062925825,0.02884362,0.068959065,0.0031083375,0.025514392,0.012436047,0.025256239,0.02455259,0.015668185,0.010993012,0.005023678
0.050854728,0.0062470855,0.029089382,0.06924876,0.0030991663,0.025485415,0.012422042,0.025096644,0.024668297,0.015705353,0.010925419,0.005030602
0.05061061,0.0062086494,0.029326908,0.06952673,0.003091336,0.025470704,0.012410446,0.024952687,0.024777308,0.01574464,0.010870939,0.005035944
0.05037579,0.006175667,0.029546065,0.06981039,0.003085619,0.025467765,0.0123990625,0.024839904,0.024879888,0.015786378,0.010826253,0.005039773
0.05015227,0.0061493833,0.029759089,0.07007355,0.0030812335,0.025478635,0.012390254,0.024734437,0.024974687,0.015832227,0.010790933,0.0050435043
0.049942855,0.0061246874,0.029960701,0.07030869,0.0030764693,0.025492584,0.012382927,0.024645472,0.025060803,0.015885558,0.010761441,0.0050477074
0.04972449,0.006102254,0.030143684,0.07051756,0.003072605,0.025507346,0.012377972,0.024565076,0.025136964,0.015945677,0.010737537,0.00505151
0.049534295,0.0060809683,0.030321734,0.07071879,0.00307025,0.025526263,0.012376474,0.024515973,0.025204055,0.016012851,0.010721948,0.005055492
0.049351618,0.0060617207,0.030485583,0.070893094,0.0030684655,0.025548253,0.0123772845,0.02448475,0.025265157,0.016088193,0.010712863,0.0050598807
0.049192343,0.00604209,0.030637491,0.071037,0.0030662403,0.025567822,0.01237557,0.024470353,0.025313541,0.016175617,0.010709802,0.0050655464
0.04902923,0.006019312,0.03076897,0.071139514,0.0030644292,0.025580542,0.012378467,0.024485132,0.025353495,0.016273415,0.010710292,0.0050724773
0.048882816,0.005995824,0.030887034,0.071218766,0.0030625244,0.025587734,0.012383399,0.0245164,0.02537726,0.016392257,0.010715063,0.0050815265
0.048743278,0.005967995,0.030988157,0.07125861,0.0030610804,0.025595076,0.012391463,0.024583736,0.025393022,0.016520714,0.010723637,0.0050920728
0.048631158,0.0059380117,0.031070624,0.071250156,0.0030589728,0.025595658,0.012400767,0.024676984,0.025390837,0.016674794,0.010737132,0.005105725
0.04852093,0.0059037516,0.031136014,0.071201384,0.003056782,0.025587603,0.01241216,0.024796661,0.025379362,0.016851984,0.010753013,0.0051220884
0.0484216,0.005865761,0.0311805,0.07109283,0.0030542372,0.025578713,0.012429461,0.024956292,0.025351444,0.017045861,0.010774332,0.005140867
0.048328888,0.005821519,0.031200532,0.0709489,0.003051658,0.025561146,0.012451922,0.025152147,0.025313612,0.017266525,0.010797736,0.005162358
0.048241086,0.005773145,0.031205056,0.070775844,0.0030491797,0.025535665,0.0124792,0.025380852,0.025262373,0.017507663,0.010824166,0.005186147
0.04815775,0.0057204883,0.031190531,0.070562914,0.0030471452,0.02550056,0.012506254,0.02564507,0.02519982,0.017769976,0.010852328,0.0052116914
0.04808463,0.005666302,0.03115947,0.070303224,0.0030445722,0.025464006,0.012546303,0.025953235,0.025127951,0.01806,0.01088525,0.005239639
0.04801826,0.005605888,0.031110672,0.07004008,0.0030410253,0.025416125,0.012585536,0.026291188,0.025052447,0.018361969,0.010919165,0.005269293
0.04794809,0.005545679,0.031046348,0.06974691,0.003038404,0.025367014,0.012631257,0.026664874,0.024965905,0.018680267,0.010954291,0.0052988655
0.047879864,0.0054860576,0.030987315,0.06945005,0.0030357982,0.025319759,0.012679125,0.027048407,0.024882186,0.01900921,0.010991897,0.0053302757
0.047817357,0.005427247,0.030915497,0.06914186,0.0030334366,0.025265755,0.012731912,0.027457833,0.024798488,0.019342734,0.011030791,0.0053607705
0.047758497,0.005366899,0.030849652,0.06885719,0.00303076,0.025214056,0.012788311,0.027880969,0.024706226,0.01968428,0.011066862,0.0053916816
0.047690388,0.0053106127,0.030780401,0.06858206,0.0030286298,0.025160784,0.012845469,0.028318541,0.024622425,0.02001514,0.011104243,0.005419721
0.047630645,0.005256549,0.030721946,0.0683088,0.0030261525,0.025107764,0.012905965,0.028756974,0.024543941,0.020345218,0.011143153,0.0054488326
0.047563292,0.0052070306,0.030663596,0.06808049,0.0030257113,0.0250575,0.0129646,0.029186105,0.024469312,0.020665687,0.011181035,0.005474768
0.047496893,0.005160727,0.030617785,0.06788915,0.0030241036,0.025015589,0.013022642,0.029603012,0.02440059,0.02097306,0.011215308,0.0054997336
0.04742741,0.0051177116,0.030580072,0.06770725,0.0030244845,0.024972666,0.013081079,0.03001946,0.0243365,0.021267546,0.01124858,0.00552286
0.047359534,0.0050789597,0.030554786,0.067556195,0.003024089,0.024933413,0.013137384,0.030413257,0.024281163,0.021550195,0.011281775,0.0055445903
0.047295865,0.0050436286,0.030531855,0.06741697,0.0030241683,0.024899308,0.013190613,0.030794756,0.024235183,0.021808844,0.011314576,0.0055639246
0.047236416,0.005015153,0.030520383,0.06730894,0.003025455,0.024872134,0.013247307,0.031160338,0.024187816,0.022069467,0.011347031,0.005582474
0.04716151,0.004986751,0.030512132,0.067210756,0.003025468,0.024847874,0.013297586,0.031502552,0.024149023,0.022308337,0.01137374,0.005599581
0.04709357,0.004962125,0.030518916,0.067147404,0.0030266969,0.024821348,0.013343328,0.031823855,0.024116667,0.022529533,0.011401552,0.0056154146
0.04703478,0.0049417615,0.03052988,0.06709337,0.003027848,0.024802573,0.013390656,0.03212889,0.024079273,0.02274357,0.01142802,0.005630238
0.04697309,0.0049220785,0.030546982,0.06706364,0.0030292012,0.024783596,0.013427711,0.03240306,0.024054058,0.022933435,0.011452309,0.005643907
0.046905536,0.0049062525,0.03057083,0.06703596,0.0030301563,0.024764435,0.013468902,0.032667823,0.024032608,0.023118244,0.01147521,0.0056568924
0.046835516,0.00489308,0.030593691,0.06703536,0.0030321232,0.024747634,0.0135027785,0.032897078,0.024013786,0.023290021,0.011496162,0.0056682522
0.04677684,0.004882159,0.030626317,0.06702908,0.0030332017,0.024737544,0.013540489,0.033131223,0.023995059,0.023455137,0.0115175145,0.0056796535
0.046719525,0.0048717894,0.030658765,0.06702446,0.0030342296,0.024719816,0.013570259,0.033340067,0.023983987,0.023604382,0.0115396585,0.0056903
0.046661504,0.0048639863,0.030691117,0.067048796,0.0030356958,0.024720391,0.013603491,0.033543386,0.023970563,0.023753108,0.011559871,0.0057000318
0.046599053,0.0048586046,0.030726321,0.06708191,0.0030378194,0.024709994,0.013628052,0.03371601,0.023960842,0.023885122,0.011577701,0.005708908
0.046541266,0.0048541618,0.030765096,0.06710386,0.0030393144,0.024699964,0.0136522185,0.033891033,0.023949873,0.024011489,0.011594417,0.0057178666
0.046479188,0.0048524896,0.030800285,0.06712684,0.0030415012,0.024689531,0.013676703,0.034061797,0.023945061,0.024124889,0.011613552,0.005727373
0.046429183,0.004851569,0.030844593,0.06716159,0.0030431165,0.02468186,0.013698165,0.034222547,0.023938142,0.024235852,0.011631229,0.0057367245
0.046372145,0.0048507676,0.030883897,0.0672132,0.00304417,0.024676409,0.0137233455,0.03438622,0.02393637,0.024345087,0.011648486,0.0057452787
0.046306882,0.0048479186,0.03092649,0.067256354,0.0030449065,0.02466785,0.013740228,0.034527015,0.023931736,0.02443941,0.011665264,0.005750835
0.04624608,0.0048460346,0.030958444,0.06729791,0.0030461445,0.024663279,0.013758967,0.03467908,0.023925874,0.02453087,0.0116814375,0.0057547297
0.046181682,0.0048408224,0.03099509,0.06736582,0.0030475175,0.024662057,0.013775424,0.034828223,0.023918813,0.024616236,0.011694403,0.0057582124
0.04612105,0.0048355623,0.031031163,0.067419596,0.0030476623,0.024663966,0.013787874,0.034970433,0.023913113,0.02469188,0.011706871,0.005759752
0.04605627,0.0048293453,0.031067269,0.06747212,0.0030479813,0.024664823,0.013803074,0.03511111,0.023906583,0.024762554,0.011721223,0.005761369
0.045997135,0.0048246845,0.0310967,0.067530125,0.0030483187,0.024661649,0.01381575,0.035235096,0.023901677,0.024827247,0.011733775,0.0057608797
0.045945827,0.0048264614,0.031130275,0.06757724,0.0030494945,0.024659855,0.013828021,0.035337396,0.023899645,0.024889825,0.011744567,0.005766233
0.045907296,0.0048312233,0.03115884,0.06761512,0.0030509066,0.024653558,0.013840525,0.03545709,0.023897331,0.024957363,0.011756915,0.005774062
0.045873757,0.004844037,0.031190172,0.06764199,0.003053668,0.02463686,0.013855222,0.035583682,0.02389923,0.025023561,0.011771418,0.005786311
0.04583353,0.004855654,0.031222107,0.06764907,0.003056385,0.024620004,0.013869783,0.0357361,0.023890682,0.025113324,0.011785199,0.005799873
0.045787606,0.004852395,0.03125294,0.06767542,0.0030574445,0.024618663,0.013885256,0.03594504,0.023875829,0.025195343,0.011799707,0.0058034672
0.045715313,0.0048512695,0.031253293,0.06776426,0.0030569825,0.024605237,0.013898549,0.03611384,0.02386552,0.025222922,0.011814066,0.005804161
0.04564064,0.004832163,0.031274434,0.06778428,0.0030561178,0.024611901,0.013912515,0.036381103,0.023835955,0.02530736,0.011828621,0.0057955384
0.04558023,0.004810702,0.03131967,0.067792036,0.0030561672,0.024619259,0.0139233,0.036655772,0.023798943,0.025413169,0.011845158,0.005787307
0.045530636,0.0047896747,0.031381547,0.06780539,0.003056859,0.024632603,0.013934906,0.03688758,0.0237667,0.025543198,0.011859138,0.0057767783
0.045476932,0.004774504,0.031432334,0.06780078,0.0030572207,0.024639282,0.013946585,0.037136722,0.023728136,0.02567585,0.011872896,0.0057716067
0.04542354,0.004752788,0.03148812,0.067803025,0.003057654,0.024646915,0.013955218,0.037369244,0.023691412,0.025804777,0.011881778,0.005764338
0.045361407,0.0047192182,0.031551227,0.06787912,0.003054976,0.024673427,0.0139606595,0.03745309,0.023669953,0.025909284,0.011891136,0.005740136
0.045387473,0.0047603883,0.031630974,0.06786521,0.0030612694,0.024631858,0.013970141,0.037306607,0.023697417,0.02604579,0.011893098,0.0057765506
0.045337483,0.004745927,0.03160835,0.06777956,0.0030634035,0.02463739,0.013984125,0.03790411,0.023620812,0.02609258,0.011912581,0.0057756854
0.04531761,0.0047524497,0.031623065,0.0677651,0.0030663265,0.024634114,0.014002487,0.038162194,0.02360829,0.026130032,0.011926507,0.005784638
0.045265242,0.004767612,0.031660046,0.067890525,0.0030667302,0.024617348,0.014013552,0.038052935,0.023635548,0.026198039,0.011934911,0.0057880697
0.0451996,0.004767137,0.03169426,0.06797142,0.0030669228,0.024618749,0.014017637,0.0381255,0.023637757,0.02623359,0.011944086,0.0057851095
0.045137234,0.004761376,0.031714115,0.06803818,0.003065647,0.024613803,0.014024565,0.038271416,0.02362746,0.026256789,0.011955256,0.005778005
0.045062248,0.0047517307,0.03173414,0.06812179,0.0030646608,0.024623565,0.014033766,0.038415898,0.02361835,0.026287429,0.011965764,0.0057673785
0.04407559,0.0070125526,0.029059863,0.09173217,0.0034749713,0.023391992,0.015948724,0.07032414,0.024695503,0.02186497,0.021870269,0.00652772
0.05233847,0.008348243,0.030578064,0.09041756,0.0041522593,0.029379435,0.015102714,0.07334231,0.034350615,0.01843781,0.025602985,0.0067528524
0.06081375,0.008814332,0.029280411,0.086712345,0.0042155,0.028265744,0.017348908,0.06335271,0.039851096,0.018865133,0.02517397,0.007085906
0.0559245,0.009587468,0.04135963,0.08851578,0.0060359337,0.040704392,0.011479078,0.05465924,0.029424613,0.01550158,0.032191582,0.009115001
0.05535659,0.01114135,0.049628478,0.10043557,0.006476146,0.034009036,0.014042346,0.052053858,0.03068047,0.016171344,0.031368323,0.011644639
0.05487491,0.012689007,0.04736347,0.11129642,0.0068770065,0.034683716,0.015269358,0.04631301,0.03153406,0.01668572,0.032643985,0.010848961
0.05755483,0.015882442,0.04636183,0.10095031,0.008547328,0.037163194,0.01750381,0.038845863,0.03312535,0.018450323,0.033918407,0.0120012425
0.060640045,0.019837013,0.043389205,0.09880003,0.010300899,0.039074343,0.019955773,0.03628723,0.03738301,0.020170396,0.03773551,0.014109645
0.060398065,0.02479345,0.040583763,0.10977321,0.012409471,0.040913936,0.020496447,0.035940994,0.041650455,0.021390049,0.04205724,0.016340772
0.05754579,0.029203482,0.03944645,0.12594531,0.014208773,0.042159803,0.020404039,0.035082284,0.0452,0.022043303,0.046100676,0.01750748
0.054331698,0.03225133,0.039863627,0.13160098,0.015101105,0.041795164,0.020794082,0.034595683,0.047510054,0.022301028,0.04904804,0.018005634
0.051342253,0.03400836,0.04071538,0.12804893,0.015635766,0.039753202,0.021701481,0.033860963,0.048393548,0.022316925,0.050703783,0.018544147
0.04910365,0.034998372,0.040465225,0.1218641,0.01581068,0.037019815,0.02230983,0.032482233,0.048836153,0.022083055,0.05161738,0.01897729
0.04799148,0.03552071,0.0394534,0.117368706,0.01551851,0.03520852,0.022373674,0.03108427,0.04964329,0.021655336,0.052115317,0.019063348
0.04712664,0.035754234,0.038046435,0.11359446,0.015082011,0.034344807,0.022261253,0.02982884,0.05110115,0.021058327,0.05237835,0.019066108
0.0467371,0.0362181,0.03660717,0.11065881,0.014907084,0.03411115,0.022290055,0.028811159,0.05293693,0.02070266,0.05262184,0.019326687
0.047181163,0.037308224,0.03560976,0.11030861,0.015115282,0.03422399,0.022512091,0.02815524,0.05486199,0.020707175,0.053063475,0.019754212
0.04787054,0.03877853,0.035013072,0.11103418,0.015530237,0.034259398,0.02273549,0.027616492,0.056479815,0.02077771,0.053496897,0.02015465
0.04825777,0.04019826,0.034691557,0.10986138,0.01604985,0.033992086,0.02291363,0.02704843,0.057460148,0.020788511,0.053596392,0.020502636
0.048214134,0.04118776,0.03444717,0.105958015,0.01661691,0.03333591,0.023110105,0.02645511,0.057705067,0.02073105,0.053382244,0.020832367
0.025075551,0.027461069,0.037965663,0.05795183,0.0061801258,0.020147083,0.026287066,0.021039179,0.037889984,0.0049357084,0.08666216,0.006998306
0.030241724,0.023463061,0.036324415,0.055076126,0.005600766,0.024114886,0.017786486,0.02093361,0.037231028,0.0073520984,0.0853523,0.00736211
0.034377377,0.027373467,0.041105527,0.061997537,0.006115691,0.026376665,0.0225063,0.021950025,0.03805948,0.008204069,0.091672786,0.007498918
0.03272711,0.028276335,0.03966715,0.068777926,0.0057780626,0.027042171,0.02360235,0.020490622,0.040599268,0.0071791755,0.091253966,0.006521631
0.031491198,0.028425056,0.040487252,0.070588246,0.006138133,0.02856881,0.020513,0.020526763,0.04196884,0.007335229,0.08170977,0.005930083
0.030584525,0.028355416,0.041057143,0.071989365,0.0063915965,0.029392594,0.02078308,0.0205106,0.041297317,0.007412,0.07737923,0.0055962447
0.029366393,0.028626628,0.040231895,0.07205709,0.00651753,0.029457714,0.019890035,0.020459078,0.040885374,0.007221529,0.07322833,0.005247414
0.028822815,0.028006222,0.04090896,0.07128904,0.0066960314,0.030067068,0.018958353,0.020578593,0.04046875,0.007305257,0.0694858,0.005160837
0.045405608,0.0148814,0.019492118,0.053707708,0.012216721,0.019022904,0.017677313,0.04071277,0.02473106,0.008452849,0.054092597,0.0024347606
0.03902071,0.016631886,0.02617693,0.052235376,0.010255971,0.030066108,0.021887913,0.03885056,0.024149144,0.00959298,0.04600107,0.0042400486
0.036191396,0.013963238,0.0300154,0.047584027,0.01118295,0.029424984,0.018982125,0.037964836,0.029280385,0.011462819,0.041039534,0.0035694693
0.045260653,0.01570536,0.03189454,0.047062647,0.012353741,0.027076412,0.0127355745,0.03218969,0.030729862,0.014128882,0.04955547,0.0036606062
0.051219013,0.01695509,0.030679917,0.045620434,0.014036829,0.030370133,0.010864912,0.02875319,0.029349104,0.01613755,0.044687495,0.004224611
0.052341677,0.017366484,0.029495941,0.04587176,0.017624523,0.030779498,0.010889352,0.027602682,0.029053573,0.018444205,0.047718927,0.004533968
0.054703128,0.018019486,0.029971737,0.044284046,0.020734763,0.03050278,0.010528281,0.027724179,0.028309654,0.019965045,0.049089618,0.004828578
0.057530772,0.018116986,0.030746566,0.04190291,0.022190332,0.031123925,0.010528386,0.028091524,0.027230578,0.021945875,0.04801269,0.0053622276
0.059519637,0.017764308,0.030962206,0.03999659,0.022789735,0.031157611,0.010594039,0.02905241,0.02640176,0.023436757,0.047060404,0.0058379015
0.060911484,0.017590506,0.030925315,0.038262084,0.022989187,0.031171119,0.010569007,0.029772343,0.025520535,0.024402125,0.045857,0.00621421
0.061987963,0.017469874,0.030824564,0.036757816,0.023168076,0.031298093,0.0105797,0.029836113,0.024609251,0.025282865,0.044405606,0.0065407488
0.04140807,0.052316174,0.012377774,0.03161799,0.022749135,0.035553094,0.022086464,0.013592669,0.036709893,0.010475109,0.044651307,0.006032007
0.033866204,0.042581726,0.014872303,0.030291086,0.02171532,0.03233871,0.027128834,0.015215898,0.028804649,0.007816166,0.036085244,0.0070273434
0.034710556,0.06713484,0.019744122,0.041578703,0.02470452,0.04338538,0.03473766,0.019214682,0.025498785,0.011097402,0.045896392,0.010153361
0.034417417,0.052413665,0.019547166,0.046503372,0.025237275,0.046120323,0.02808529,0.018548392,0.024103269,0.012581281,0.044741657,0.012810922
0.03609089,0.04996021,0.019342422,0.052705377,0.027256103,0.04493989,0.027301904,0.01997196,0.026277192,0.013410924,0.044064153,0.012760245
0.03289808,0.054014638,0.018437529,0.057640728,0.026803944,0.04947977,0.03390089,0.019733323,0.029865459,0.015115266,0.044884447,0.013976678
0.030756462,0.051883325,0.016235337,0.06169521,0.027839797,0.053456865,0.03525656,0.017984677,0.031806644,0.014454352,0.043624673,0.0154012935
0.029772263,0.05086251,0.015419629,0.065265514,0.02866565,0.054416317,0.03478948,0.01752996,0.031989828,0.013934465,0.043654695,0.016222341
0.02888563,0.051515512,0.014617271,0.06687025,0.028017102,0.053302374,0.03607856,0.016441945,0.032157652,0.013986505,0.043285564,0.017526284
0.028274123,0.051849496,0.013980935,0.066776015,0.028324064,0.050889358,0.035787266,0.015056193,0.032042067,0.013802041,0.04159366,0.018492559
0.02728153,0.051259905,0.013657286,0.06616188,0.028462308,0.04746822,0.035019983,0.014026121,0.031748757,0.013728684,0.03948669,0.01912563
0.025937237,0.050905664,0.013392081,0.06458092,0.028329212,0.044160873,0.034464106,0.013165214,0.03135834,0.013867221,0.037672233,0.019801734
0.024706244,0.050673198,0.0132458685,0.06231995,0.028732017,0.041425996,0.033543464,0.012442305,0.030978573,0.013977354,0.036022544,0.020298744
0.023612238,0.050196435,0.013205543,0.06037836,0.029213073,0.03920959,0.032605834,0.01198694,0.030659322,0.014080715,0.034730647,0.020616952
0.022653142,0.04978652,0.01322897,0.058540367,0.029605342,0.037589654,0.031904105,0.011708471,0.030423349,0.014245549,0.033849444,0.020913595
0.021851655,0.049506463,0.013298879,0.05667642,0.03012449,0.036506947,0.031281494,0.011508627,0.030274082,0.014409941,0.033188425,0.02113832
0.021150691,0.049225606,0.013381562,0.055048447,0.03065664,0.03574752,0.030747805,0.0113787595,0.030202063,0.014554799,0.032703243,0.021273576
0.020529578,0.048990235,0.013463924,0.0535721,0.031126091,0.035165727,0.03031437,0.011299973,0.030178377,0.01469931,0.032363992,0.021362042
0.019962475,0.048852097,0.013539967,0.05216345,0.031563442,0.034669224,0.029958447,0.011224545,0.030200234,0.014835929,0.032080244,0.021405134
0.019448826,0.048750807,0.013602416,0.050859503,0.031948797,0.034218118,0.029628482,0.011157058,0.03024308,0.014951221,0.031826288,0.021402633
0.018975375,0.048692852,0.013648187,0.049686454,0.032261487,0.033789273,0.029345911,0.011100804,0.03029893,0.015056234,0.03158308,0.021363065
0.018542606,0.04868251,0.013675308,0.04860856,0.032505903,0.033383477,0.029115824,0.01104572,0.03036976,0.015147322,0.03134969,0.021301124
0.018150613,0.048719082,0.013682893,0.047647156,0.032708734,0.033014495,0.028928624,0.010986393,0.030443208,0.015223452,0.03111384,0.021214312
0.017799145,0.0487613,0.013671655,0.046817448,0.032858435,0.032682985,0.028772784,0.010938339,0.030518824,0.015284299,0.030884879,0.021107767
0.017487505,0.0488366,0.013646749,0.04607259,0.032973256,0.03238709,0.028655905,0.010895435,0.030597126,0.0153322285,0.030672116,0.020991705
0.017205091,0.04892115,0.013610237,0.04542363,0.033054788,0.03213359,0.028573431,0.010855307,0.030675314,0.015367238,0.030466765,0.02086491
0.016953986,0.04901994,0.013562538,0.044845227,0.033111844,0.031911056,0.02851275,0.01081805,0.030750582,0.015392289,0.030275278,0.02073479
0.016729755,0.049118124,0.013507734,0.044340022,0.033143774,0.031714793,0.028464787,0.010788826,0.030821666,0.015412993,0.030095708,0.020602042
0.016530998,0.049237546,0.013446403,0.043883994,0.033161525,0.031536445,0.028438397,0.010762191,0.030891674,0.0154244285,0.02992723,0.020468852
0.026844943,0.03813425,0.003293541,0.08180942,0.013238529,0.029162634,0.031278547,0.02112712,0.03833963,0.008247814,0.027645105,0.031106744
0.02716579,0.027695632,0.0028306607,0.0792593,0.015452994,0.025539367,0.027141575,0.018171482,0.04334433,0.006822976,0.025636477,0.02703072
0.027037065,0.025887465,0.0028901359,0.08766288,0.01463089,0.023905786,0.0201959,0.024997318,0.047262907,0.006180615,0.030033235,0.024212517
0.042520795,0.0380758,0.0076874397,0.08371992,0.014613954,0.023049587,0.019227387,0.025788607,0.055080276,0.00824529,0.04778772,0.02671091
0.033536475,0.04158385,0.0071588666,0.07222816,0.014176836,0.021430625,0.021957401,0.020216946,0.053970188,0.008469035,0.04209362,0.026959471
0.030347822,0.037484586,0.005911655,0.08203888,0.013977295,0.023242105,0.022658605,0.017820124,0.056190465,0.0075343405,0.04294685,0.025930082
0.029817922,0.033252127,0.00694743,0.087938756,0.010201444,0.02157625,0.021253604,0.01849496,0.062627904,0.0071562734,0.04763171,0.024089038
0.028371193,0.029909592,0.0065854867,0.08604732,0.008707383,0.020957733,0.020453632,0.018420313,0.062266584,0.0065938965,0.04984108,0.022912147
0.02914044,0.02795747,0.006815241,0.08694183,0.00781991,0.021983232,0.019945597,0.019558575,0.061551858,0.006439704,0.050653152,0.02095388
0.03176333,0.02636673,0.007458762,0.08977251,0.0067417347,0.02166462,0.019708106,0.022015564,0.0602149,0.006372589,0.05102151,0.018357854
0.033769473,0.025493385,0.007948098,0.090407394,0.006122436,0.021577233,0.019160492,0.023601428,0.059039094,0.006315038,0.05104833,0.016469026
0.028870497,0.025297234,0.007920155,0.048660655,0.002009355,0.055781472,0.0076479763,0.009018681,0.03009451,0.017893339,0.02473939,0.0115976455
0.03507706,0.015959483,0.012863482,0.03692376,0.0018127477,0.05466851,0.01168462,0.010763441,0.020697288,0.024349056,0.018345097,0.0069783884
0.028497135,0.014647322,0.019800285,0.0364995,0.001639059,0.046185736,0.015180357,0.014655949,0.022557829,0.027174266,0.021312954,0.008884177
0.02908836,0.012510777,0.018415451,0.030231478,0.0014129599,0.04997436,0.013625264,0.0145588415,0.022164294,0.028724108,0.02042373,0.009106328
0.03825685,0.013172849,0.017481942,0.029863574,0.0016367394,0.05894922,0.014483398,0.015358908,0.024029292,0.033225477,0.020059323,0.008848747
0.04455847,0.013803516,0.018155431,0.030852696,0.0015745095,0.071629256,0.014719675,0.0166417,0.026108796,0.04096754,0.022668269,0.009101566
0.048150197,0.013613746,0.017534446,0.031354822,0.0016328318,0.08112987,0.0144299865,0.017640445,0.027350064,0.048566848,0.023785658,0.009071131
0.050862037,0.013326791,0.017249355,0.03238906,0.0016486777,0.089016855,0.014139213,0.018762438,0.027325545,0.053724688,0.023949921,0.008936227
0.050967302,0.013245906,0.017998058,0.031673957,0.0016430456,0.091958456,0.013918287,0.019523215,0.026336204,0.055966444,0.024972627,0.009146746
0.049711388,0.012934236,0.018761,0.030902848,0.0016041236,0.09105686,0.01383394,0.019911235,0.025428785,0.056625698,0.025780486,0.009431735
0.048819236,0.012670388,0.019392312,0.030337062,0.0015450302,0.08846078,0.013801918,0.019960824,0.024809273,0.056817632,0.026167221,0.009732675
0.048040763,0.012537988,0.019731972,0.029650694,0.0014847365,0.08573968,0.013665843,0.01965425,0.024436938,0.05689938,0.026534317,0.010039883
0.04760974,0.012452268,0.019662162,0.029171167,0.0014341336,0.08357436,0.013507581,0.019256264,0.02437624,0.05750214,0.026673643,0.010287456
0.047760468,0.012430164,0.019343987,0.028907306,0.001389892,0.082007155,0.013363878,0.018899549,0.024483692,0.05886518,0.026640065,0.010473399
0.04820869,0.012458784,0.018920908,0.028689228,0.0013543094,0.080863796,0.013213025,0.018594205,0.024615165,0.060641263,0.026611345,0.010617617
0.04881145,0.012482374,0.018488625,0.028574923,0.001325906,0.08008077,0.013090403,0.01837962,0.024730118,0.062524475,0.026517794,0.010718459
0.04953121,0.012491128,0.018123426,0.028509066,0.0013017779,0.07946847,0.013001196,0.018224226,0.024786597,0.06430163,0.02635772,0.010792695
0.050236996,0.012482697,0.017824147,0.028451517,0.0012833263,0.0790572,0.012933591,0.018111615,0.024788653,0.06580202,0.026198916,0.010852158
0.05096223,0.01245516,0.017598122,0.028398369,0.0012685867,0.07880218,0.012892789,0.018023197,0.024757655,0.06703988,0.026022745,0.010899932
0.051700138,0.012414054,0.01742485,0.028346425,0.001257625,0.07878452,0.012868381,0.017960414,0.024707362,0.06807199,0.025847195,0.010938127
0.052417286,0.012361765,0.01729562,0.028274568,0.0012494107,0.07892573,0.012852877,0.017916186,0.02463812,0.0689652,0.025686026,0.010974042
0.053113874,0.012291555,0.017197248,0.028198961,0.0012429713,0.07918604,0.012847216,0.017890867,0.024569144,0.06973441,0.025528759,0.011002742
0.061663024,0.012756048,0.024678987,0.04135913,0.0030651372,0.09174694,0.0063597187,0.010311386,0.01853116,0.046788782,0.045775875,0.012081807
0.05600838,0.016498446,0.032894142,0.055371203,0.0029391993,0.07377522,0.0068184696,0.013693142,0.019601826,0.045821473,0.040910542,0.011230796
0.06154737,0.021357581,0.03087223,0.06756591,0.0030198295,0.08302068,0.007063354,0.013163375,0.018071793,0.04808329,0.042812582,0.011025923
0.067806326,0.022518601,0.0315137,0.06585772,0.004137344,0.0884454,0.0071868743,0.0127311265,0.019011516,0.044713996,0.046148777,0.013231492
0.0666897,0.02627655,0.030908694,0.06548256,0.00473574,0.091416,0.0082668075,0.01383563,0.02025585,0.04536045,0.04811686,0.014175877
0.064821124,0.028854446,0.03052118,0.06632791,0.0049879174,0.090797335,0.008581034,0.014463858,0.020817388,0.04337579,0.049581066,0.014501603
0.06552834,0.031045495,0.031982947,0.0655923,0.005445265,0.08624625,0.008499203,0.015182817,0.022013346,0.0421571,0.05049212,0.014666549
0.06622711,0.033351485,0.03297985,0.06683854,0.005742142,0.082335785,0.008557647,0.015973806,0.02303941,0.04184651,0.05083957,0.01477645
0.06711406,0.034778334,0.033708584,0.06692284,0.005890795,0.07903398,0.00844772,0.01618347,0.023383204,0.04176527,0.05104086,0.014955231
0.0684065,0.035420302,0.034326706,0.06554476,0.006021757,0.07651739,0.008267816,0.016308773,0.023398926,0.041740812,0.051063843,0.015146783
0.06978518,0.035695262,0.0344949,0.06400446,0.006066078,0.07499562,0.00812364,0.016414946,0.023051513,0.041848708,0.05104824,0.015279622
0.0705352,0.03579046,0.034529466,0.06262214,0.006111898,0.07393725,0.007997136,0.016438952,0.02276674,0.041784175,0.051189963,0.015389919
0.07065964,0.035817564,0.034452803,0.061828356,0.006192039,0.07311636,0.00790437,0.016543003,0.022660427,0.041665502,0.051350757,0.015459191
0.07048531,0.03581548,0.034255452,0.06154037,0.006257386,0.07236566,0.00784127,0.016686253,0.022589363,0.041632775,0.051437538,0.015509618
0.070216805,0.035823435,0.03408015,0.061345905,0.0063103274,0.0715638,0.007791053,0.0167997,0.022551626,0.041616812,0.051510125,0.015555314
0.07001753,0.03586022,0.033857394,0.06128004,0.006362627,0.07084695,0.0077492273,0.01688898,0.02255387,0.041570276,0.05154301,0.01557597
0.06987385,0.0359013,0.0335942,0.061328325,0.006410615,0.07022054,0.007717978,0.016952707,0.022566698,0.04152167,0.051513866,0.015585849
0.06971586,0.035955988,0.033331215,0.06139628,0.006457549,0.06961392,0.0076952204,0.016997695,0.022593018,0.041458193,0.05146748,0.0155946165
0.06461261,0.026663397,0.023382522,0.1530492,0.0032874562,0.047408156,0.025242561,0.025227314,0.028572513,0.020871855,0.042993106,0.014452633
0.054540936,0.0224172,0.03246232,0.11689525,0.0034693286,0.0558248,0.010395307,0.023580678,0.041702367,0.015309374,0.044735562,0.0117042065
0.049872696,0.019346131,0.037639566,0.09261148,0.003925839,0.05528293,0.013417096,0.031763747,0.038268633,0.016156891,0.042241722,0.01145104
0.051010404,0.018502783,0.03325928,0.10506165,0.0035004453,0.064179525,0.015149684,0.033914935,0.039408967,0.01391756,0.046193223,0.010298687
0.043954056,0.01663911,0.031162204,0.09658001,0.0032467968,0.062759764,0.013482774,0.03384539,0.042988822,0.010720214,0.04455842,0.009557549
0.04151399,0.015889889,0.027869916,0.08864659,0.0035725792,0.06181405,0.013831553,0.0333249,0.043608535,0.010222671,0.044721056,0.009924694
0.04212313,0.015689438,0.024447931,0.08983282,0.0037950901,0.060821693,0.0142857935,0.032961287,0.043540772,0.009650687,0.046136335,0.009689392
0.041918524,0.015149393,0.022105733,0.08871222,0.003951263,0.05490554,0.014116765,0.03232812,0.04416251,0.008916283,0.046380598,0.009739958
0.0420162,0.014613598,0.020952847,0.08464245,0.004017165,0.047070496,0.014294876,0.031273484,0.04369906,0.008688404,0.046264853,0.0103017595
0.042414546,0.014595404,0.020117288,0.07995936,0.0040092287,0.041320458,0.01457355,0.030461334,0.042602796,0.008693979,0.04655664,0.010704508
0.041979227,0.014764452,0.019416414,0.075987615,0.003990849,0.037458092,0.014692813,0.029690525,0.04206776,0.008666362,0.04660131,0.010919958
0.041069098,0.014907742,0.018856136,0.07329927,0.003962492,0.034580078,0.014778061,0.028833902,0.042119283,0.008589745,0.046371944,0.011101233
0.04031732,0.015090789,0.018313875,0.07171729,0.0039412226,0.03275888,0.014811346,0.028166402,0.042374734,0.008511138,0.04614609,0.011174231
0.03967371,0.015287937,0.017811863,0.07097804,0.0039560725,0.031829923,0.014823874,0.027806893,0.042774413,0.00843646,0.04601892,0.011170001
0.039149303,0.015460004,0.017382529,0.07100702,0.004001821,0.03138811,0.0149121,0.02762308,0.04327892,0.0083741825,0.046072915,0.011202364
0.03875207,0.015571005,0.016895672,0.071745686,0.0040726764,0.031017907,0.015133507,0.027421096,0.043912083,0.008287153,0.046459932,0.011379236
0.038268737,0.01555459,0.016178446,0.0732422,0.0041635702,0.030290183,0.015524776,0.02696068,0.04493847,0.008104052,0.04725754,0.01182642
0.037432116,0.015413345,0.015291844,0.07517837,0.0042386577,0.029286878,0.015824458,0.026232209,0.046192616,0.007839186,0.047953695,0.012352949
0.036490638,0.015284213,0.014552029,0.07676064,0.0042776745,0.028411172,0.015904907,0.025546229,0.047047317,0.0076091415,0.048175506,0.012680844
0.035849243,0.01526378,0.014062008,0.07765293,0.0043035625,0.027755655,0.015996894,0.025113095,0.047333386,0.007466511,0.048255537,0.012847227
0.03543712,0.015328456,0.013736286,0.0782493,0.0043268506,0.027237726,0.01614995,0.024858084,0.047452666,0.0073710294,0.04837346,0.012946265
0.03515848,0.015429449,0.013490107,0.07891973,0.004349622,0.026837269,0.01632951,0.024704346,0.04760979,0.007293702,0.048545267,0.01301823
0.03495941,0.015535106,0.013299117,0.07977984,0.004373408,0.026562477,0.016523395,0.02462208,0.047816396,0.0072276946,0.048752442,0.013072291
0.03476865,0.015632352,0.013149971,0.08080943,0.0044003073,0.026401121,0.016739618,0.024613315,0.048036836,0.007171247,0.04902267,0.013115166
0.03460446,0.015726442,0.013040076,0.081970006,0.004430113,0.026330652,0.01698942,0.024656065,0.04824825,0.0071269535,0.049331408,0.013151049
0.034449503,0.015818667,0.012966571,0.08318855,0.004459311,0.026312083,0.01726138,0.024730757,0.04843118,0.007092801,0.04966753,0.013177338
0.03428809,0.015900377,0.012912485,0.084456764,0.004488359,0.026327576,0.0175527,0.024828345,0.048599973,0.007065869,0.050017774,0.013202605
0.03414616,0.015978063,0.012880579,0.08571985,0.004513151,0.02635235,0.017856054,0.024925735,0.048745897,0.00704261,0.0503654,0.013224639
0.033983618,0.016041907,0.012857313,0.086949244,0.0045357547,0.026390305,0.018155776,0.025023712,0.04888125,0.0070206323,0.05070112,0.0132471025
0.03383585,0.016100857,0.012841865,0.08814797,0.004555225,0.026435431,0.0184566,0.025117692,0.048995256,0.0070031984,0.051021773,0.013268256
0.02339482,0.026477326,0.0016631286,0.08799493,0.009097228,0.04892015,0.017438522,0.014791103,0.04348258,0.004034353,0.044207625,0.011678257
0.021585714,0.016646367,0.002439674,0.07474136,0.010610866,0.04706057,0.017582294,0.024444586,0.041426107,0.0038980076,0.03347957,0.01337464
0.023027025,0.018929824,0.002479493,0.07222908,0.011962574,0.037184965,0.021379326,0.0354603,0.04379124,0.004487652,0.037070267,0.016634585
0.028832633,0.031946704,0.004642498,0.07075512,0.026609862,0.048191424,0.018551989,0.022153482,0.034949407,0.0066332123,0.044520736,0.0110410275
0.022303132,0.035741217,0.0065531353,0.08343044,0.0134942,0.039660282,0.026184717,0.020754227,0.039899394,0.0074076476,0.041029215,0.015502659
0.023032907,0.040255494,0.0059926813,0.088015676,0.0116026485,0.042388864,0.031044727,0.017073726,0.042678528,0.008108199,0.04088561,0.018868752
0.024890296,0.042558193,0.0057483334,0.0901722,0.013917547,0.049170166,0.03064022,0.0146259535,0.041102152,0.0073827016,0.038492136,0.017299196
0.02488223,0.04309728,0.0056871846,0.114444405,0.014974237,0.054021433,0.0339248,0.014886331,0.039425194,0.007690962,0.039021246,0.018896742
0.025551084,0.04581232,0.0057285517,0.12676294,0.015982473,0.058404997,0.03555182,0.014513193,0.040271584,0.0081812795,0.03842379,0.019503316
0.025367817,0.047916636,0.0060420963,0.12548691,0.018142171,0.05833468,0.03482953,0.0132403225,0.04090391,0.008419663,0.037092697,0.018688414
0.024015943,0.047682382,0.0063467384,0.12709512,0.018824697,0.055477317,0.03461016,0.012530834,0.04062055,0.008813216,0.03593594,0.018658629
0.022900224,0.048350066,0.0065983306,0.12880659,0.019782959,0.051667612,0.034495015,0.011862009,0.040412758,0.009342327,0.034450077,0.018776132
0.022080373,0.049870413,0.0069243372,0.12954761,0.021466743,0.048194285,0.033858117,0.010969676,0.04028299,0.009708646,0.032816127,0.01864682
0.021452706,0.051014327,0.0072548743,0.13242123,0.022869078,0.04561873,0.033419773,0.010391733,0.039943054,0.009996751,0.03159037,0.018562963
0.021192895,0.052439645,0.0075600524,0.13637722,0.02401507,0.044140268,0.033405773,0.010081646,0.03968626,0.010270657,0.03084648,0.018517185
0.02119083,0.054234073,0.007851901,0.13975886,0.025070103,0.04349587,0.033515774,0.009817727,0.039682,0.010461318,0.03043514,0.018400626
0.021238435,0.0557771,0.008114651,0.14278859,0.025856944,0.043209773,0.033704113,0.00963742,0.039795835,0.0106054,0.030272659,0.018275002
0.02129372,0.057080172,0.008336646,0.14544195,0.026407577,0.043016292,0.033995952,0.009549603,0.03995848,0.01074228,0.030255727,0.018143913
0.02134721,0.058232334,0.008544637,0.1469841,0.02685245,0.042798553,0.034248237,0.009478301,0.04017034,0.010871119,0.030280149,0.018012436
0.021346487,0.059071682,0.008741846,0.14751755,0.02721957,0.04245951,0.034418564,0.00942294,0.040389154,0.010989466,0.030305896,0.017903153
0.021322155,0.05968828,0.008916043,0.14753215,0.027509611,0.04207411,0.034518488,0.009402031,0.040548,0.011104568,0.030328328,0.017792404
0.021292647,0.060150564,0.009074428,0.14702384,0.027781343,0.04166541,0.03454101,0.009411887,0.040669367,0.011221813,0.03035679,0.017690102
0.021262733,0.060486805,0.00922014,0.14609136,0.028055966,0.041293014,0.0344964,0.009435295,0.040779665,0.011335328,0.030399544,0.017612794
0.021235596,0.0606941,0.009354697,0.14495048,0.028345622,0.040962014,0.03437656,0.009487659,0.040868428,0.011452946,0.030465487,0.017554887
0.021226274,0.060813807,0.009481632,0.14364804,0.028628035,0.04068387,0.034160342,0.009558578,0.040938534,0.011573222,0.030562067,0.017526176
0.021225994,0.060888346,0.009601605,0.14220428,0.02892916,0.040431466,0.033878163,0.009637542,0.040984128,0.011698251,0.03067408,0.01751512
0.021245573,0.060926314,0.00971927,0.1407145,0.029230164,0.040195167,0.033513766,0.009732841,0.04100993,0.011825952,0.030810773,0.01752258
0.021262405,0.060937207,0.009832149,0.1391767,0.02952947,0.039966714,0.03307861,0.009827411,0.04101124,0.011958822,0.030950278,0.017549764
0.021299973,0.060952183,0.009940665,0.13766007,0.029813288,0.039723758,0.032589864,0.009926356,0.040988456,0.01209185,0.031098988,0.01758577
0.021342425,0.060963083,0.010048919,0.13614304,0.030088782,0.0394693,0.032065455,0.010022901,0.040942416,0.012226893,0.031246632,0.017632889
0.02138404,0.06098651,0.010153145,0.13468166,0.03035458,0.039220754,0.031518538,0.010118068,0.04087628,0.012363733,0.03139373,0.017686218
0.052251905,0.04192582,0.010035187,0.10333512,0.024021825,0.024537155,0.016086593,0.017663326,0.040270504,0.010883555,0.03573007,0.013157554
0.041160293,0.05033894,0.015037161,0.089767165,0.025636174,0.032728374,0.021646438,0.020108065,0.043027148,0.0192738,0.039727084,0.01223543
0.0427566,0.05097879,0.016256766,0.09345332,0.02593152,0.039147835,0.020044047,0.018133052,0.04299414,0.018588645,0.038143005,0.011258556
0.04958636,0.049801804,0.01729678,0.09203734,0.029068708,0.040920842,0.016928375,0.017721327,0.04153316,0.018165363,0.03644835,0.01036891
0.054788552,0.055298984,0.019778641,0.08485913,0.029779108,0.043258253,0.017179132,0.019031756,0.039327044,0.020162,0.039509427,0.009945725
0.057930578,0.056685906,0.02140143,0.07978231,0.032012716,0.04470116,0.016657658,0.019154005,0.037253987,0.022508457,0.041342735,0.009949402
0.060159996,0.054047015,0.022583274,0.06805701,0.034417525,0.044583518,0.01566373,0.019589467,0.034646392,0.024538001,0.041977145,0.009817073
0.060207237,0.051991273,0.023496868,0.0559026,0.03622,0.044021968,0.014808278,0.020089386,0.03227771,0.027004002,0.04340869,0.010008528
0.058585223,0.049306404,0.024060624,0.049136225,0.037295714,0.043524127,0.013929483,0.02062355,0.030536542,0.028380243,0.044019327,0.010160336
0.05753406,0.046413194,0.024248784,0.045355786,0.037801016,0.04328038,0.013208358,0.021168953,0.02914361,0.02851333,0.043267608,0.0101864515
0.057019904,0.04456837,0.024326835,0.042867657,0.03790742,0.043436766,0.012850016,0.021526448,0.028026992,0.028334232,0.042287543,0.010182102
0.056542475,0.04310601,0.024407882,0.04116472,0.037872963,0.04380896,0.01269457,0.021736978,0.027230911,0.02798573,0.041274864,0.010151295
0.056372885,0.041749958,0.02449789,0.0398634,0.0378542,0.0442424,0.012644133,0.02192564,0.026550347,0.027562996,0.040108133,0.010099603
0.056363005,0.040798284,0.024615588,0.03888479,0.037831187,0.0447192,0.012714924,0.022061508,0.025935983,0.027181357,0.039004963,0.010035916
0.05624132,0.04000609,0.024817899,0.038114432,0.0378577,0.045214575,0.012878652,0.022147603,0.025439607,0.026815467,0.03797405,0.009997583
0.056142997,0.03930696,0.025071664,0.03750655,0.03796737,0.045742583,0.013075651,0.022216378,0.024983257,0.026463084,0.036909286,0.009958392
0.056025006,0.038698703,0.025407966,0.037012607,0.03811494,0.046285395,0.013308293,0.022259047,0.024565743,0.0261218,0.035885703,0.0099361185
0.055859733,0.038175203,0.025818406,0.036617912,0.038296834,0.046860453,0.013539349,0.022288773,0.024182461,0.025800074,0.03493865,0.009920407
0.055679478,0.037675753,0.026296742,0.036271058,0.038519323,0.047459003,0.013753415,0.02231609,0.023834346,0.025508093,0.03405115,0.009913122
0.055510823,0.037239235,0.026780918,0.03600709,0.038701102,0.048032157,0.013948298,0.022331657,0.023515737,0.025227206,0.03324097,0.009902794
0.053141594,0.070605546,0.04043144,0.031146327,0.02592416,0.05071013,0.026935654,0.019904345,0.024525905,0.0144257415,0.060773168,0.0063833557
0.058368586,0.042084794,0.031323265,0.038885023,0.024701934,0.056808434,0.013339254,0.021568965,0.022926973,0.014009613,0.064131565,0.005647981
0.06691257,0.03864512,0.031789243,0.042858515,0.018105844,0.05074231,0.012660479,0.024344716,0.025558012,0.01670385,0.071667,0.0051742387
0.061409023,0.03460424,0.033422597,0.042348865,0.014069136,0.049060643,0.012781016,0.024050837,0.029387577,0.015794305,0.07316134,0.00412314
0.059623104,0.034087796,0.033846844,0.04884154,0.0139219845,0.05567702,0.011506988,0.026729172,0.03454758,0.014609224,0.068303116,0.0037504556
0.057700638,0.033977818,0.035266742,0.054487992,0.013259924,0.059811316,0.011671202,0.028393954,0.03789824,0.014716572,0.06480543,0.0035121492
0.05265317,0.036009174,0.035426885,0.058284428,0.012787305,0.061444163,0.011552953,0.02755205,0.039495517,0.013511318,0.063312575,0.003224781
0.049603686,0.037422195,0.03656069,0.062175926,0.0128767425,0.06105758,0.011080298,0.027469143,0.04039695,0.012760972,0.060822465,0.0031533933
0.048460755,0.037449688,0.038165398,0.064725265,0.012508474,0.058192223,0.011044568,0.027369296,0.03989882,0.012536134,0.05947743,0.0031495509
0.04698364,0.037900172,0.039616298,0.06436986,0.012057073,0.054148994,0.010932073,0.026673116,0.038441658,0.012338302,0.05874206,0.0031608262
0.045643825,0.038077164,0.040904988,0.06334069,0.011715999,0.051225606,0.010750659,0.026028559,0.03705323,0.012142091,0.05734998,0.0031820994
0.04431421,0.037564408,0.041228972,0.062624134,0.011330563,0.049517024,0.010714779,0.025476955,0.03603119,0.011781178,0.056507938,0.0031753848
0.042417463,0.036947828,0.040469456,0.061195623,0.010949291,0.04841624,0.010694454,0.025114313,0.035401814,0.011222809,0.0567667,0.0031819877
0.040816706,0.0363163,0.039658837,0.059416555,0.0107210735,0.04750575,0.010803615,0.025017831,0.03491253,0.0108678015,0.057515398,0.003218379
0.039620046,0.035747312,0.039349083,0.05772475,0.010539956,0.04660757,0.011054078,0.024816567,0.034251492,0.010796401,0.05849886,0.0032804469
0.03849037,0.035422046,0.039481297,0.05595085,0.01038732,0.045993272,0.0113462135,0.024345664,0.033403162,0.010794343,0.059649482,0.0033707987
0.037391186,0.035255305,0.03984536,0.0542419,0.010284325,0.045682687,0.011677568,0.023736648,0.03250012,0.010762944,0.060788218,0.0034806065
0.036391277,0.03518985,0.04022615,0.052706245,0.010199062,0.045465827,0.012039048,0.023063146,0.031654004,0.0106898025,0.06181386,0.0035980477
0.035611764,0.035265587,0.040492717,0.051334336,0.010116573,0.04526737,0.012402683,0.022375382,0.030921394,0.0105796745,0.062734514,0.0037164593
0.035072505,0.035463188,0.040627785,0.050130527,0.01002932,0.04512492,0.012740732,0.02171845,0.030327069,0.0104558505,0.063515976,0.0038305747
0.03472536,0.03574883,0.040687818,0.049067903,0.009945739,0.045047306,0.013055711,0.021107115,0.029849196,0.010334209,0.06416012,0.003939499
0.034522533,0.036094666,0.040694803,0.04817007,0.009869603,0.045037102,0.01333916,0.02054881,0.029458903,0.010229954,0.06465606,0.00404111
0.03441995,0.03648265,0.04069382,0.04741365,0.009803515,0.045105565,0.013596724,0.020042734,0.029131763,0.010140869,0.06500387,0.00413483
0.03438927,0.03691096,0.040756594,0.046800222,0.009750813,0.045216568,0.013835085,0.019578468,0.028857969,0.01007032,0.06518445,0.004225899
0.034421824,0.03733825,0.04091087,0.0463249,0.009701525,0.045358475,0.014060778,0.019161139,0.028610263,0.010017136,0.06520257,0.0043132543
0.034504768,0.037761755,0.041188784,0.045976434,0.009661457,0.045564666,0.014266563,0.018788218,0.028378213,0.009981949,0.06503634,0.004397918
0.03463733,0.038177203,0.041584052,0.045748338,0.00963025,0.045796126,0.014463878,0.01846561,0.02814535,0.009963071,0.06472035,0.0044821696
0.034833442,0.038574714,0.04207767,0.045638803,0.009609802,0.04609709,0.014654508,0.018193746,0.02790726,0.009955059,0.06426072,0.004564809
0.035043888,0.03891046,0.042669117,0.045564976,0.009604458,0.046448767,0.014833055,0.01797226,0.027648482,0.009968834,0.06370951,0.0046446444
0.035298448,0.039243907,0.043249927,0.04559469,0.009597897,0.046820994,0.015013203,0.017767519,0.027412081,0.009981559,0.06310821,0.0047188373
0.035588298,0.039547708,0.043805346,0.04568646,0.009601473,0.047241814,0.015192038,0.017603334,0.027172798,0.010000014,0.062475275,0.0047886334
0.0358964,0.039828405,0.044345114,0.045795098,0.0096177375,0.04770043,0.0153741455,0.01746589,0.026919328,0.010023379,0.061840747,0.0048541916
0.036220673,0.040077865,0.04484294,0.045917314,0.009641317,0.04821461,0.015550866,0.017356468,0.026670622,0.010053027,0.061207756,0.0049141115
0.036539625,0.040291592,0.04528591,0.046033476,0.009674757,0.048751086,0.015727865,0.01726405,0.026413087,0.010087402,0.060611945,0.004966968
0.03683319,0.040493693,0.045677,0.04613523,0.009718191,0.049314655,0.015907481,0.017182102,0.02616052,0.010126095,0.060061637,0.005015324
0.037098475,0.040678836,0.04600834,0.04618078,0.009769011,0.049890943,0.016077194,0.0171049,0.025899557,0.010168319,0.05956124,0.0050569456
0.03729636,0.04083669,0.046319,0.04610672,0.009840267,0.0505327,0.01624182,0.017027248,0.025618289,0.010228862,0.059118737,0.0050946265
0.03746031,0.040972453,0.046539877,0.04607077,0.009896728,0.05112318,0.01640604,0.01694395,0.02537355,0.010271651,0.058724772,0.005122516
0.037589483,0.04108411,0.046703808,0.04602966,0.00995115,0.051706783,0.016565353,0.016869001,0.025147684,0.010313876,0.05837088,0.005143258
0.037674535,0.041192733,0.04683672,0.045950882,0.010006393,0.052269112,0.01671778,0.016790252,0.024931002,0.010355516,0.058083497,0.0051595815
0.037719604,0.041284624,0.04693455,0.04583318,0.0100596845,0.052824732,0.01686074,0.016706795,0.02472725,0.0103928745,0.057831418,0.005171689
0.037721906,0.041358214,0.046978462,0.04569876,0.010115408,0.05339786,0.017002538,0.0166302,0.02452345,0.010431295,0.05760157,0.005178961
0.03755044,0.041408427,0.046991423,0.04534486,0.010194518,0.05406622,0.01715371,0.016535766,0.02426769,0.010486251,0.057437997,0.005182898
0.037469078,0.041448135,0.04701593,0.045122974,0.010246024,0.05462275,0.017277613,0.016457057,0.024097824,0.010520946,0.05729819,0.0051845675
0.037429214,0.04148553,0.047021847,0.044992864,0.010285966,0.055087153,0.017389225,0.016391404,0.023964535,0.010549871,0.057169527,0.0051811184
0.037386432,0.041536193,0.04701774,0.044872683,0.010316977,0.055477634,0.017483909,0.01632738,0.02385656,0.010575373,0.05706238,0.0051780543
0.037309524,0.041551907,0.047005497,0.04471564,0.010350309,0.055890094,0.017581528,0.016261648,0.023744348,0.010598049,0.056971416,0.0051754
0.037256125,0.041578703,0.047000382,0.044607908,0.010374235,0.056239467,0.017661588,0.016210118,0.023662217,0.010619079,0.056902338,0.0051700408
0.03719353,0.04158806,0.046991374,0.044496972,0.01039855,0.05656898,0.017731374,0.016161159,0.023588983,0.010640171,0.05684,0.0051632514
0.03713461,0.041601516,0.046974704,0.04438929,0.010419873,0.05685893,0.017793534,0.01611998,0.023526464,0.010660594,0.05679508,0.005157303
0.037072923,0.041612547,0.046967525,0.04428866,0.010437637,0.05713534,0.017858028,0.016077615,0.02346839,0.01067864,0.05676182,0.0051514106
0.03700554,0.04160982,0.04695418,0.04419502,0.010453661,0.057387028,0.017914064,0.016038122,0.023419322,0.010694858,0.056728836,0.005144663
0.036941633,0.041603945,0.046941906,0.04410601,0.010467195,0.057626154,0.01796181,0.016003935,0.023377324,0.010710175,0.0567007,0.0051381993
0.036884066,0.041601136,0.046935346,0.04402164,0.010480197,0.0578474,0.018007198,0.015968852,0.023340676,0.010725727,0.05668068,0.005132231
0.03682131,0.04158955,0.04691526,0.04394672,0.010492458,0.058053788,0.018047145,0.015941003,0.023307318,0.0107382005,0.05666161,0.005124704
0.036764257,0.041579843,0.046900805,0.043880586,0.010501467,0.058254514,0.018085342,0.015914822,0.023278797,0.010750141,0.056647148,0.005118297
0.036706105,0.04156267,0.046891216,0.043813813,0.010510429,0.058423176,0.01812027,0.01589083,0.023254849,0.010762563,0.056627925,0.0051123416
0.036651537,0.041550245,0.046878867,0.043755878,0.010520054,0.058594815,0.01815001,0.01586834,0.023231812,0.010773656,0.056613218,0.0051062554
0.036598902,0.041529648,0.04686702,0.04369677,0.010526657,0.058741406,0.018178988,0.015847629,0.023212656,0.010784858,0.05660459,0.0051010204
0.036545534,0.041509002,0.046858948,0.043631237,0.010532982,0.058880404,0.018206507,0.015826061,0.023194844,0.01079297,0.056600194,0.005095209
0.036499795,0.04149431,0.046849985,0.043581955,0.010539812,0.05902004,0.018230412,0.015809568,0.023181997,0.010802896,0.056590598,0.005090345
0.03645374,0.041468035,0.04684316,0.043536376,0.010546642,0.059159853,0.018255968,0.015793215,0.023170203,0.010812163,0.056583486,0.0050855177
0.036409773,0.041444566,0.046840977,0.04348864,0.0105518475,0.05928206,0.018277317,0.015778169,0.023158498,0.010821067,0.056577533,0.005080784
0.036366403,0.041425146,0.04682949,0.043452688,0.010557212,0.059392404,0.018298415,0.015765572,0.023149379,0.010828051,0.05657349,0.005076327
0.0363214,0.041405734,0.046820574,0.04341835,0.010560235,0.059490886,0.018316511,0.015751496,0.023141993,0.010833624,0.05656247,0.005071587
0.03628772,0.04138085,0.046808306,0.043386396,0.010564934,0.059589613,0.018333225,0.015739614,0.023135154,0.010838823,0.05655424,0.0050669983
0.03625062,0.04135902,0.04679568,0.043362435,0.010566899,0.05967162,0.018352916,0.01573059,0.023131264,0.0108465655,0.056552958,0.0050634854
0.036216427,0.04133528,0.04678623,0.043339714,0.010570239,0.059759144,0.01836917,0.015722124,0.023128472,0.0108524505,0.056548275,0.0050596427
0.0361816,0.04131547,0.046778906,0.043314457,0.010573586,0.0598357,0.018383939,0.015712697,0.023126658,0.010857264,0.056540668,0.0050560078
0.036152493,0.04129957,0.046767112,0.04329456,0.010576126,0.05991186,0.018400721,0.015704844,0.023125371,0.010861874,0.05653498,0.0050530797
0.036121193,0.041277308,0.046755243,0.04327347,0.010577883,0.059976425,0.018414373,0.01569676,0.023122892,0.010865966,0.05653286,0.005050225
0.036084197,0.04125879,0.046743408,0.043259624,0.010579904,0.06003958,0.018429544,0.015691368,0.023124104,0.010868423,0.056529246,0.005047569
0.03605169,0.041241076,0.046725035,0.043248918,0.010581341,0.060100608,0.018443057,0.015683828,0.023126602,0.010869868,0.056518618,0.0050445762
0.03601896,0.041225333,0.04671504,0.04323802,0.01058301,0.060148187,0.0184574,0.015678322,0.02312591,0.010873201,0.056512244,0.0050421935
0.035990957,0.041199706,0.046709463,0.04321963,0.010585121,0.06020826,0.018466167,0.015675364,0.023127714,0.010877007,0.056506917,0.005039445
0.035942066,0.041183956,0.04668462,0.043211382,0.010585261,0.06024133,0.018490642,0.015669797,0.02312718,0.010876508,0.05649522,0.0050373273
0.0318481,0.040608343,0.04124012,0.049762964,0.011066179,0.05406748,0.022451699,0.015461361,0.02429904,0.010181391,0.054724988,0.0057745543
0.03145929,0.040808287,0.040518258,0.050586846,0.011031505,0.052479558,0.022818765,0.015413671,0.024104431,0.010103555,0.05480739,0.0058056084
0.031446863,0.040823128,0.04086948,0.05013109,0.01097395,0.05279244,0.022713754,0.015344377,0.024037298,0.010062495,0.054469857,0.0058087604
0.035427485,0.0413159,0.04612148,0.043497916,0.010494592,0.059354033,0.018645795,0.015564362,0.022998292,0.010739888,0.05598049,0.0050543025
0.03563886,0.04111361,0.04666663,0.043136016,0.010534528,0.06111137,0.018589508,0.015599668,0.023091098,0.010794039,0.05587011,0.0050241738
0.035510503,0.04116547,0.046249434,0.04351466,0.010578417,0.06065239,0.018743202,0.015604421,0.023138532,0.01082124,0.056087997,0.0050175753
0.035462055,0.041316822,0.046143092,0.04344121,0.010566684,0.06007472,0.018812692,0.01557343,0.02306297,0.010819612,0.056106165,0.005031898
0.035075136,0.041229144,0.045578536,0.04375552,0.010554009,0.059572697,0.019062804,0.015526421,0.02316983,0.010774963,0.055781234,0.005077849
0.031750683,0.040300906,0.0411558,0.04985313,0.011051452,0.05425696,0.022345338,0.015460657,0.024308043,0.010197453,0.054753833,0.005762079
0.031255536,0.040453747,0.040462494,0.050571535,0.011004557,0.052647483,0.02280836,0.015377646,0.024118682,0.010117676,0.054743096,0.005794038
0.031217799,0.0405096,0.040723883,0.050197218,0.010941759,0.05284145,0.02272322,0.015303257,0.024063187,0.010077834,0.05441574,0.005799452
0.031117434,0.040267363,0.040686652,0.050342336,0.010921529,0.05316742,0.0226944,0.015318707,0.024169935,0.010071229,0.054257005,0.005784103
0.031012822,0.04020298,0.0405767,0.05058557,0.010912508,0.052848406,0.022874264,0.0153204035,0.024118776,0.010062054,0.054287843,0.0057831462
0.03092429,0.040228847,0.040556487,0.050664924,0.010872893,0.052554805,0.022914153,0.015273266,0.0240975,0.010046159,0.054253194,0.0057925167
0.030856974,0.040078938,0.040542364,0.050745696,0.010829236,0.052404616,0.022897718,0.015263229,0.024131179,0.010047107,0.054181743,0.0057931896
0.030795574,0.039869156,0.040544942,0.05085259,0.010781597,0.052103844,0.022925958,0.015261264,0.024128895,0.010061052,0.054191247,0.005793986
0.030727308,0.03969124,0.04054038,0.050933585,0.010724195,0.05170546,0.022937972,0.015243201,0.024116172,0.010068753,0.05423112,0.0057970798
0.030672096,0.0394904,0.040554263,0.0510265,0.01066656,0.05133212,0.022928026,0.015231883,0.024123449,0.010079162,0.054248165,0.0058009345
0.030625902,0.039248385,0.040562455,0.051136944,0.01060451,0.050955433,0.022910519,0.015225797,0.024134044,0.01009274,0.05427268,0.00580166
0.030573428,0.03899322,0.040575296,0.05125004,0.010537864,0.050549794,0.022895975,0.01521998,0.024145393,0.010106784,0.054310337,0.0058028786
0.030523883,0.038721904,0.040580235,0.0513861,0.010467748,0.050108094,0.022878345,0.015216027,0.024158442,0.010119788,0.054353613,0.00580251
0.030478695,0.03842394,0.040599808,0.05153427,0.010392349,0.049640276,0.022859752,0.015215992,0.024179816,0.010135229,0.054406554,0.0058028237
0.030435704,0.038104188,0.040606,0.051713783,0.010310305,0.04914381,0.022836907,0.015214383,0.024203567,0.01015027,0.05446574,0.0058018747
0.030399278,0.037770867,0.040614482,0.051932946,0.010223625,0.048618753,0.022817688,0.015217898,0.024233254,0.010166582,0.054527916,0.005801025
0.030362336,0.037420552,0.040616598,0.052164286,0.010130785,0.048060358,0.022798568,0.015216384,0.024267573,0.010181161,0.05459869,0.0058003645
0.030326374,0.037043534,0.04061218,0.052433226,0.010034444,0.047493715,0.022783484,0.015220179,0.024303695,0.010194736,0.05466726,0.005797596
0.03029214,0.036638517,0.04061805,0.05273341,0.009932037,0.04688822,0.022757862,0.015225239,0.02434659,0.010211599,0.054749243,0.005795714
0.030252773,0.036296193,0.040622137,0.05298743,0.009851005,0.0463962,0.022744037,0.015226205,0.024384577,0.010223669,0.054816056,0.005794824
0.030219695,0.035999212,0.040619377,0.053260505,0.009779378,0.04598264,0.022736546,0.015231197,0.02442196,0.010230601,0.05486883,0.005794148
0.030178497,0.035746206,0.040627323,0.053459696,0.009721161,0.045645893,0.022724347,0.0152296005,0.02444505,0.01023543,0.054905206,0.005793299
0.030136649,0.035568956,0.040644724,0.053572554,0.009687589,0.045447413,0.02271494,0.015228563,0.024458343,0.010240509,0.054938346,0.005794431
0.03010944,0.035283674,0.040602066,0.053934317,0.00962424,0.045171402,0.022729315,0.015226797,0.024513999,0.010235971,0.054957967,0.0057861325
0.030076388,0.035232455,0.040571954,0.054016974,0.009612943,0.045107137,0.022742044,0.015216691,0.024510562,0.010230166,0.05494566,0.0057847667
0.030047156,0.03520781,0.040583465,0.05400403,0.009608994,0.04511399,0.022737406,0.01520792,0.024499048,0.010226825,0.054926686,0.005786026
0.030019034,0.035180826,0.04058881,0.053999305,0.009605646,0.045123603,0.02274149,0.015200095,0.024493637,0.010220673,0.054923654,0.005786846
0.029992899,0.035150707,0.040585637,0.053991057,0.009601473,0.04513182,0.022741875,0.015193037,0.024482679,0.010217621,0.054896284,0.0057845423
0.02997169,0.035136003,0.040581387,0.05397491,0.009595811,0.045131426,0.022750637,0.015183251,0.024465045,0.01021574,0.054880526,0.0057829875
0.029950397,0.03512089,0.04058486,0.05394438,0.009589451,0.045129683,0.022758648,0.0151718985,0.024447097,0.010213498,0.054869074,0.005781479
0.029932054,0.035102338,0.040583853,0.05391811,0.009584185,0.045133505,0.022760538,0.015163401,0.024431169,0.010211883,0.054848317,0.0057789423
0.029915623,0.035087135,0.040580254,0.053886693,0.009578502,0.04513781,0.022771148,0.0151547715,0.024413913,0.010210206,0.054830894,0.005776
0.029900579,0.03507904,0.040574342,0.053860515,0.009573148,0.045141943,0.02277843,0.015145366,0.0243977,0.010208138,0.05480915,0.0057738074
0.029889135,0.035071544,0.040573385,0.05382998,0.009567453,0.04514704,0.022781815,0.015136691,0.024380937,0.0102064,0.054794356,0.005771711
0.0298781,0.035063162,0.040574286,0.05379392,0.009563391,0.045158602,0.022788526,0.015130159,0.02436195,0.010206207,0.054778077,0.005768822
0.02986623,0.035052676,0.040576585,0.053745165,0.009558808,0.045169357,0.02279279,0.015121955,0.0243409,0.010206925,0.054761373,0.0057657952
0.029854061,0.0350449,0.040580142,0.05369427,0.009556379,0.045193285,0.02279122,0.015116531,0.024320794,0.010207779,0.05474269,0.0057631307
0.029846705,0.03503739,0.04057566,0.053657636,0.009550906,0.045206495,0.022800134,0.015109626,0.02430086,0.010208375,0.054719824,0.005759154
0.029841416,0.035024848,0.040553402,0.053642686,0.009539275,0.045216713,0.022823062,0.015100821,0.024285745,0.010205013,0.05469811,0.0057533034
0.029834334,0.035003886,0.040516254,0.053652782,0.009525467,0.04522386,0.022844244,0.015088727,0.024274465,0.010199125,0.054669593,0.005746379
0.029831387,0.03498211,0.04046907,0.053697683,0.009514654,0.045240086,0.022852996,0.01508612,0.02428414,0.010192449,0.054647233,0.005741094
0.029818466,0.034957886,0.040437296,0.053710412,0.0095077045,0.04524715,0.02285733,0.015084688,0.024284074,0.010188313,0.05463489,0.0057360604
0.032653097,0.03205145,0.04243784,0.051153775,0.011921496,0.043788508,0.026401013,0.021902144,0.020268293,0.01254974,0.05339539,0.012776611
0.03262878,0.02786952,0.043058243,0.05270269,0.011452677,0.044616416,0.029374631,0.02326451,0.02303815,0.012922394,0.06664444,0.010910753
0.03430187,0.029661966,0.043006197,0.05651418,0.011472116,0.045580726,0.027624475,0.022515995,0.02396038,0.0137063945,0.070752926,0.011281408
0.033853326,0.030728986,0.041162428,0.058823753,0.012184871,0.048809562,0.028822096,0.022651078,0.02563497,0.01454833,0.064976245,0.01279489
0.03187228,0.03017098,0.03923719,0.06469387,0.012948617,0.052141562,0.027950557,0.023416532,0.02901356,0.014264839,0.06882021,0.012414878
0.031714667,0.031397477,0.039487954,0.070363835,0.014403048,0.05660242,0.02804859,0.025161881,0.03280645,0.014715858,0.07152698,0.01336172
0.033204705,0.032738093,0.04037834,0.07259296,0.015835483,0.059638947,0.028983306,0.026775327,0.034738623,0.015919795,0.07021496,0.014471453
0.03458121,0.033400238,0.04108741,0.07171374,0.01672988,0.059462596,0.029193578,0.028014168,0.03488144,0.017111829,0.06852069,0.014966461
0.035704326,0.033956744,0.041571792,0.0691887,0.017136674,0.056861114,0.029017728,0.028653419,0.034330722,0.017978135,0.06685094,0.01540133
0.036725402,0.0343612,0.041888047,0.06676162,0.01732099,0.054004844,0.028765408,0.02886889,0.033667,0.018576724,0.06481389,0.015879484
0.03747891,0.03437778,0.042009678,0.065346494,0.017447766,0.052254077,0.028285123,0.028710606,0.033525966,0.018867891,0.06283684,0.016070904
0.037611905,0.034148518,0.04198986,0.06466318,0.01771868,0.05182798,0.02777551,0.028485483,0.034014165,0.018855862,0.061743733,0.016042005
0.037566416,0.03406064,0.04218255,0.064296365,0.018259153,0.05237429,0.02747866,0.02856356,0.03480893,0.018849045,0.061450597,0.016119594
0.037809107,0.03428569,0.042706016,0.06412437,0.019005556,0.053381447,0.027345603,0.028990546,0.03560416,0.019012788,0.06129219,0.01633966
0.03825461,0.034684148,0.0433542,0.063755855,0.019760238,0.054223645,0.027247299,0.02957695,0.036164436,0.019298237,0.06076571,0.016601654
0.038770426,0.035090435,0.043902088,0.06285639,0.020378841,0.054477282,0.027134687,0.030163707,0.0363653,0.01965419,0.059674542,0.016875913
0.039272107,0.035420284,0.044246245,0.061622407,0.020814283,0.05403979,0.027000511,0.030640328,0.036287256,0.020013833,0.058279645,0.017153108
0.039679095,0.035653524,0.044392545,0.060423993,0.02109796,0.053203255,0.026842121,0.030926658,0.036156535,0.02030503,0.056895055,0.017411018
0.039938174,0.035783235,0.044385903,0.059450403,0.02130452,0.052357882,0.026656842,0.03103053,0.03617989,0.020496618,0.05567385,0.017637795
0.040047415,0.03583022,0.044272937,0.058775805,0.021513598,0.051784553,0.026463397,0.031053971,0.03644304,0.020609932,0.05464027,0.01784175
0.040071655,0.035864584,0.044136748,0.058391005,0.02178145,0.05153935,0.0263012,0.031094834,0.03689676,0.020700896,0.05376132,0.018047957
0.04010216,0.035965696,0.044027217,0.058213025,0.02212777,0.051532187,0.026196903,0.031201787,0.037445173,0.020820213,0.052936707,0.018284211
0.040186495,0.036156654,0.043964494,0.058123063,0.022525206,0.051595084,0.026145507,0.03136898,0.037979845,0.02098824,0.052063376,0.018549912
0.04031281,0.036416885,0.0439072,0.058010064,0.022939207,0.05156152,0.026131427,0.03154989,0.03842152,0.021196947,0.05107829,0.018838128
0.0404502,0.03671181,0.043830156,0.057816207,0.02333599,0.05132771,0.02613814,0.031697877,0.038749237,0.021431403,0.049984537,0.019141655
0.040575705,0.037009407,0.04371027,0.057561956,0.023711499,0.050870866,0.026154587,0.031772032,0.038990155,0.021677524,0.048832536,0.019456552
0.04067181,0.037297986,0.043540977,0.05730734,0.024076097,0.050257407,0.026179112,0.03175709,0.03922197,0.02193197,0.04766437,0.01978645
0.04074844,0.037571035,0.04333208,0.057108916,0.024457756,0.04957356,0.026223043,0.031662267,0.03947621,0.022203347,0.046505347,0.020138694
0.040814042,0.0378445,0.043092873,0.057006385,0.024885157,0.048879124,0.026296323,0.0315095,0.03977878,0.022504518,0.04535069,0.02052687
0.04089606,0.038125403,0.042832673,0.056985572,0.025377827,0.04818163,0.026407098,0.03131829,0.04009903,0.02284242,0.044215642,0.020959314
0.041010637,0.03843352,0.042563196,0.057013538,0.025943683,0.047466043,0.026570702,0.031094499,0.040387932,0.023220573,0.043100674,0.021448484
0.04116561,0.03875703,0.042265616,0.057044573,0.026576677,0.046717152,0.02678062,0.030836958,0.040600225,0.023633158,0.042008813,0.02199698
0.04136119,0.039079625,0.0419297,0.05703501,0.027267111,0.0459238,0.02704133,0.030546255,0.04071627,0.024067337,0.04096272,0.022605946
0.024046065,0.088656224,0.009194828,0.03191921,0.025329357,0.08468096,0.030451603,0.009182598,0.040008843,0.008069289,0.034986343,0.0179051
0.024296407,0.05998053,0.009419145,0.029139731,0.020160733,0.1069049,0.028362907,0.011373322,0.02848971,0.008577721,0.02875253,0.016049903
0.021993652,0.057450276,0.009577127,0.034441136,0.021657873,0.08196669,0.03424993,0.014350797,0.027218029,0.010992504,0.028628958,0.015888704
0.022720546,0.066203564,0.009314905,0.03781486,0.022779515,0.07509711,0.036498714,0.011495045,0.0268263,0.01218834,0.028417377,0.017576218
0.023987059,0.062295195,0.0098008495,0.041469235,0.025092768,0.07670673,0.033781707,0.01209504,0.026932236,0.012446928,0.02746044,0.018436987
0.024073686,0.060130328,0.01046359,0.04478261,0.026942477,0.073349714,0.035196718,0.012489671,0.026850978,0.013466571,0.027827824,0.019700415
0.023892125,0.059468172,0.010931783,0.04591066,0.027669841,0.0699749,0.036313392,0.012131685,0.027021809,0.014160094,0.028028032,0.021163672
0.023355087,0.058120634,0.011262733,0.04604914,0.028867226,0.06656175,0.035621658,0.01182066,0.027047679,0.014403116,0.027445363,0.021404816
0.022568002,0.0574499,0.011579229,0.045810446,0.02939479,0.06215646,0.035456307,0.011554772,0.027248455,0.014833224,0.027489563,0.021423275
0.021627815,0.057888176,0.011809574,0.044987425,0.029756142,0.057628263,0.03524148,0.011180662,0.027709907,0.015270331,0.02786011,0.021274643
0.020551847,0.058350265,0.012022939,0.043982495,0.030226562,0.053489376,0.03445001,0.010814688,0.028339732,0.015596111,0.028259655,0.020737976
0.019446956,0.05861967,0.012187874,0.043073352,0.030325087,0.049733512,0.033804897,0.010538972,0.028983911,0.015980238,0.028762,0.020167539
0.018623276,0.05896787,0.012298184,0.04228096,0.03032191,0.046746172,0.033295594,0.010345928,0.029516505,0.01633773,0.029180285,0.019718667
0.018132288,0.059221268,0.012381423,0.041726723,0.030450108,0.04455954,0.032731727,0.010211224,0.029883275,0.016563728,0.029362991,0.019372437
0.01785521,0.059286304,0.012439725,0.041392863,0.030592049,0.0428578,0.032240912,0.010116646,0.030079149,0.016689556,0.029408284,0.019146156
0.017726274,0.059350666,0.012486629,0.041145306,0.030761521,0.041431848,0.031807896,0.010040569,0.030163065,0.016743116,0.029378492,0.019001499
0.017666966,0.059407182,0.012530086,0.04092508,0.030956484,0.040217202,0.03138674,0.009962267,0.030191164,0.016730743,0.029283734,0.018890265
0.01762601,0.059395175,0.012571771,0.040769123,0.031124296,0.039133452,0.030984454,0.009900397,0.030199233,0.016692601,0.029179044,0.018799772
0.017580267,0.059340067,0.01260831,0.040653594,0.03126094,0.038184788,0.030638294,0.009851857,0.030205961,0.01664039,0.029093996,0.018721124
0.017523278,0.059265528,0.012635915,0.04056451,0.031377435,0.03736935,0.03033685,0.009813899,0.030227033,0.016582025,0.029017936,0.018647326
0.017448215,0.059131462,0.0126559725,0.040512696,0.03146653,0.036666524,0.030074097,0.00979035,0.030259205,0.01651293,0.02896244,0.01857968
0.017363174,0.058957737,0.012663925,0.040483326,0.031533416,0.03606574,0.02985405,0.009782144,0.030300705,0.016452197,0.028923005,0.018517133
0.017269932,0.058776833,0.012662225,0.040458396,0.031595152,0.035555065,0.02965194,0.00977795,0.030350784,0.016386578,0.028877972,0.018455898
0.017173626,0.058553744,0.012652429,0.040442847,0.031641714,0.03510656,0.029475143,0.009784333,0.030398857,0.016320128,0.028838985,0.01839888
0.017075567,0.05833189,0.012636914,0.040430367,0.031684645,0.03471693,0.02931823,0.009799031,0.030455634,0.016253404,0.028806241,0.018342182
0.016978458,0.058087062,0.012616108,0.040411014,0.031718962,0.034373563,0.029161952,0.009820926,0.030515008,0.016185809,0.028773835,0.018292015
0.01688514,0.057847477,0.012591688,0.040393475,0.03174941,0.03406302,0.029025635,0.009845453,0.030578267,0.016124707,0.028739829,0.01824476
0.016794,0.057607666,0.012560169,0.04036918,0.03177218,0.033782374,0.028901305,0.00987453,0.030637627,0.016063713,0.028702417,0.018198058
0.04671897,0.029692015,0.0065467726,0.04578445,0.019639809,0.04266221,0.022756908,0.017424295,0.0391009,0.015093135,0.025454506,0.013060124
0.025627762,0.038667277,0.010382041,0.039202534,0.03151357,0.045927875,0.03670421,0.022020282,0.034678616,0.013206431,0.021667205,0.009189312
0.025864212,0.039334223,0.010361535,0.04537454,0.028335478,0.053415332,0.040999986,0.023277365,0.038651034,0.012333631,0.023565006,0.007969056
0.026118131,0.041964184,0.010923121,0.04916128,0.029927291,0.06331316,0.045049652,0.02065263,0.041465748,0.011179623,0.024295561,0.0073824115
0.030055216,0.04170742,0.016879672,0.043853372,0.03586915,0.04165389,0.030266011,0.02071776,0.033799406,0.01370967,0.033141077,0.0099716345
0.030345004,0.045199074,0.01824397,0.042675752,0.034516547,0.051201276,0.027712801,0.01906094,0.03132435,0.016953317,0.035706665,0.009460317
0.034763854,0.050261576,0.019661183,0.04418027,0.03275094,0.0576778,0.026087373,0.01760311,0.029491894,0.019926913,0.039190955,0.009264629
0.03763297,0.04546281,0.02064359,0.043676976,0.03726076,0.061048664,0.02313849,0.018142944,0.027993705,0.021481585,0.03834728,0.009784204
0.03972288,0.043930173,0.021295007,0.04328842,0.03884755,0.065748975,0.021145752,0.018799236,0.026237197,0.023538215,0.03999515,0.009863283
0.042842165,0.04437213,0.022301406,0.042300187,0.0398411,0.06882424,0.01874191,0.019386996,0.025064271,0.024859974,0.040968448,0.010054177
0.048673414,0.06530001,0.01599907,0.022809654,0.0378848,0.040987562,0.0240664,0.02203097,0.018107045,0.007620352,0.066312775,0.0033192115
0.056654368,0.043063775,0.012038497,0.0149300415,0.040106393,0.038656384,0.015229257,0.021155376,0.014373389,0.009743656,0.06442335,0.0028645492
0.05520847,0.037632935,0.012282359,0.013921461,0.039648306,0.04602873,0.012065886,0.019633602,0.014509319,0.011105579,0.06384194,0.0027440628
0.056878112,0.041293748,0.013003913,0.013953578,0.039199658,0.05430398,0.010894448,0.01820886,0.014320766,0.012673687,0.06679959,0.002515629
0.054858603,0.042317413,0.014029935,0.012924196,0.043230735,0.054457884,0.007886121,0.017607054,0.014266233,0.012637777,0.0649141,0.0019089499
0.052364722,0.037702594,0.014611633,0.012691607,0.04370003,0.0575851,0.0065916916,0.018041492,0.013663941,0.012943566,0.05863795,0.0016131988
0.05036651,0.03366841,0.0146723185,0.012523804,0.046731308,0.060362045,0.006217432,0.018689588,0.012651922,0.01350903,0.053095784,0.0015290726
0.048608772,0.030274851,0.014626008,0.012003895,0.053277414,0.06130115,0.0060151457,0.019777097,0.0114003,0.014129168,0.04799673,0.0014907994
0.04691464,0.027423436,0.014511413,0.011604776,0.060733877,0.061757304,0.0059413365,0.020962084,0.01026633,0.014693778,0.043462988,0.0014860668
0.045629207,0.025572447,0.014241036,0.0114651425,0.06721308,0.061912306,0.0058966842,0.021674506,0.009426693,0.014945814,0.04063024,0.0014814896
0.044497002,0.024129245,0.013870983,0.011448266,0.07189362,0.061247066,0.0058098705,0.02187763,0.0088262595,0.014922595,0.03871012,0.0014710223
0.043323267,0.022718692,0.013495965,0.011535769,0.0749838,0.060305737,0.0057045603,0.021741273,0.008365662,0.014842,0.037229393,0.00146283
0.042155173,0.021601927,0.013304206,0.011730379,0.07754074,0.059973523,0.00561398,0.021427676,0.008035662,0.014809189,0.036160335,0.0014627875
0.04097422,0.02086693,0.0132942125,0.011988906,0.080008134,0.06061227,0.005548028,0.021052923,0.007817464,0.014790104,0.03539364,0.0014640292
0.03976148,0.020385044,0.013382438,0.0122916475,0.08233292,0.06205034,0.005511725,0.020687608,0.0076647243,0.01477736,0.034769576,0.001464672
0.038615674,0.02004316,0.013518266,0.012614206,0.0846149,0.06373052,0.0054936237,0.02036751,0.0075391484,0.014775852,0.03423048,0.0014662413
0.03761919,0.019810602,0.013666487,0.012943761,0.086889334,0.0654415,0.005491792,0.02010435,0.0074237506,0.014786748,0.033777,0.0014695039
0.036791142,0.019644184,0.013820903,0.0132717835,0.08914991,0.067042224,0.005496432,0.019892493,0.007320127,0.014795795,0.03336044,0.0014753157
0.036171515,0.019545468,0.013983999,0.013586298,0.09135997,0.06856285,0.005509028,0.019733306,0.007227233,0.014813085,0.033002738,0.0014835733
0.035725255,0.0194953,0.014158049,0.013887972,0.09348325,0.06997937,0.005527629,0.019612046,0.0071414434,0.014841685,0.03269895,0.001495031
0.03543896,0.019505009,0.01433757,0.014161584,0.09554456,0.07130109,0.005549533,0.019520627,0.007064652,0.014868322,0.032434102,0.0015084537
0.035299294,0.019564208,0.014522204,0.014401045,0.09753731,0.07253027,0.0055744643,0.019452931,0.006996235,0.014894116,0.032211643,0.0015239654
0.029507734,0.05206726,0.009459959,0.022490092,0.062399074,0.08449017,0.015502011,0.021837309,0.0089837555,0.0075518102,0.03344778,0.0041498104
0.034673907,0.03179221,0.012313643,0.03436009,0.057086643,0.08307771,0.015630065,0.029194647,0.01036189,0.006144218,0.032647103,0.004588899
0.03307926,0.027430056,0.012862276,0.039044347,0.06268901,0.079932004,0.0138505185,0.03195647,0.012969232,0.00582376,0.029233068,0.0041980017
0.047235698,0.043804534,0.030062612,0.03870133,0.049559064,0.05709763,0.014974273,0.028395277,0.0148421675,0.008852106,0.043073334,0.009827114
0.040033475,0.03803497,0.027565947,0.04835383,0.035055265,0.06178082,0.01842549,0.03593642,0.01789141,0.009686294,0.046702728,0.007889745
0.043659445,0.041766398,0.02678988,0.047779083,0.035587307,0.06650476,0.01878959,0.0384329,0.019099511,0.011386303,0.049940877,0.008092835
0.047538504,0.041659307,0.029263614,0.04835406,0.033320073,0.06443348,0.01966246,0.041755434,0.021099862,0.012870483,0.051401082,0.008713122
0.050425835,0.044162203,0.030831432,0.04944594,0.033270538,0.06800344,0.019755099,0.042196844,0.02275688,0.013825128,0.05577214,0.0092686135
0.054090507,0.047594108,0.031820256,0.05084766,0.036353454,0.07746424,0.019598847,0.039643914,0.023636041,0.014673842,0.057916984,0.010506199
0.058548063,0.051415756,0.033197038,0.05234435,0.040877108,0.086722836,0.019974386,0.038038094,0.024950234,0.015738845,0.061726402,0.012292338
0.059873343,0.05465558,0.034854736,0.054585654,0.0456511,0.0911079,0.020644475,0.037775382,0.027329348,0.017131463,0.06533877,0.014199379
0.056814935,0.055189576,0.035581507,0.055604,0.046546258,0.08624468,0.021493122,0.03770951,0.029165799,0.018295871,0.065756224,0.015792267
0.05310902,0.054169673,0.036475897,0.05508701,0.04337109,0.07422641,0.022284659,0.03733346,0.030181525,0.019481216,0.06454307,0.017149795
0.050545797,0.05356921,0.037120476,0.05397482,0.039697193,0.06378149,0.022705661,0.03620348,0.030936256,0.020351587,0.063126795,0.017958514
0.04836033,0.05369654,0.03689936,0.05269613,0.037638254,0.05859149,0.022907304,0.03468647,0.03180394,0.02056184,0.062028166,0.018116724
0.04572991,0.054043457,0.03577761,0.0515175,0.03722302,0.057143454,0.023187991,0.033230722,0.033050034,0.020402053,0.061352666,0.017990299
0.0434401,0.054729693,0.034461617,0.050762974,0.03789884,0.057570167,0.023645755,0.032135665,0.03457785,0.02032039,0.061169613,0.017981326
0.04224432,0.055934016,0.033726316,0.050926972,0.039015267,0.058475945,0.024177134,0.031521033,0.036145967,0.020429982,0.06121789,0.018155409
0.041685063,0.057260472,0.033544976,0.051740877,0.039790865,0.058652624,0.024684744,0.03116719,0.037460458,0.02061423,0.060994558,0.01835626
0.04123423,0.05827249,0.03356904,0.05246384,0.039805237,0.057509612,0.025134785,0.030869812,0.038294964,0.020832362,0.060182814,0.018529609
0.024148418,0.08292132,0.008764058,0.030422825,0.030235609,0.09590959,0.025418814,0.011625474,0.038945958,0.0066078985,0.05264079,0.014150769
0.023852915,0.05242063,0.010003616,0.029886367,0.02243369,0.10825716,0.02364292,0.014902828,0.03010205,0.007959204,0.044138465,0.013887326
0.020816173,0.050293066,0.010439933,0.034055095,0.02189437,0.07083702,0.029072203,0.017899113,0.030296603,0.010660575,0.040296193,0.014254523
0.02022766,0.05715219,0.010037224,0.035600632,0.022055017,0.060049172,0.030729435,0.014543211,0.029750645,0.011558988,0.03875289,0.015086586
0.020690763,0.053369958,0.010181541,0.038481377,0.023749176,0.062149756,0.027987555,0.015393096,0.030068874,0.011767619,0.036185555,0.015417957
0.020967359,0.053182874,0.010642726,0.04233363,0.026027244,0.060308263,0.029397232,0.015889034,0.030119924,0.012936757,0.035984945,0.01624947
0.02087551,0.05332951,0.01096499,0.044394013,0.027447619,0.057674948,0.030512253,0.015665362,0.030248808,0.0134987775,0.035780072,0.017189369
0.02062779,0.051794168,0.01129558,0.045433372,0.029105974,0.055352416,0.029813446,0.015599295,0.030236656,0.013654869,0.03459345,0.017267343
0.020110084,0.05083967,0.011593072,0.045749057,0.029627655,0.051974446,0.029899692,0.0152615225,0.030072952,0.014115364,0.033731952,0.01747255
0.019589294,0.050593074,0.011756821,0.04538145,0.029926239,0.04843019,0.029990237,0.014756228,0.030025735,0.014476043,0.03295869,0.01771522
0.01913394,0.05030601,0.011902318,0.04490307,0.030465137,0.04552993,0.02956892,0.014264564,0.030007109,0.014660217,0.032048892,0.017743943
0.018655622,0.050098155,0.012028326,0.04453623,0.030789433,0.043145217,0.029354997,0.013857306,0.02997573,0.0148758525,0.031320993,0.017774038
0.018249318,0.050120726,0.012114285,0.044164002,0.03111336,0.041365996,0.029261729,0.013516518,0.029986035,0.015053422,0.03077392,0.01781389
0.017924167,0.05025303,0.012195586,0.04382218,0.031545915,0.040101618,0.029104194,0.013205338,0.030028025,0.015151413,0.030301847,0.017803755
0.017630681,0.050376672,0.012264255,0.043564126,0.03189612,0.039067235,0.028995078,0.012919663,0.030080713,0.015215762,0.029904768,0.017786395
0.017383972,0.050560426,0.0123208305,0.043260742,0.03217895,0.038204618,0.028889164,0.012693292,0.030113364,0.015259101,0.029610261,0.017778749
0.01717485,0.050769683,0.012369673,0.04292533,0.032426853,0.037433214,0.028749257,0.012489471,0.030138204,0.015279548,0.029346766,0.017757703
0.01698297,0.050952815,0.012408343,0.04259799,0.03259758,0.036697153,0.028609417,0.012311602,0.030158922,0.0152846,0.029122377,0.017737295
0.01681066,0.051118374,0.012435555,0.04227879,0.032705046,0.036033202,0.028461197,0.012153918,0.030179279,0.015281916,0.02892154,0.017720306
0.01665505,0.051295027,0.012453775,0.041979846,0.032794043,0.035416648,0.028324315,0.012008765,0.030211326,0.015271294,0.02873749,0.017697744
0.016511034,0.051437713,0.0124633275,0.041713156,0.032849442,0.03488472,0.02820211,0.01188548,0.030247886,0.015259673,0.028582204,0.017678382
0.016380114,0.05155749,0.012464823,0.041479085,0.032883596,0.03442314,0.028096888,0.011786486,0.030274859,0.015246066,0.028452216,0.017659124
0.016266538,0.051680848,0.012462745,0.04128057,0.032923378,0.03402798,0.02801932,0.011705756,0.030308804,0.015236196,0.028346024,0.017639529
0.016165502,0.051785108,0.012452544,0.041116733,0.032942932,0.033684373,0.027954996,0.011639564,0.030348286,0.015225341,0.028265549,0.017624969
0.016069856,0.051870298,0.012437729,0.04096461,0.032952912,0.033391487,0.027894903,0.011576566,0.030387944,0.015211976,0.028192729,0.017609205
0.015986921,0.051950663,0.012419264,0.04083769,0.032965094,0.033128045,0.027856056,0.011526108,0.030435761,0.015202008,0.028140498,0.017597422
0.015912222,0.052025028,0.012398752,0.040728036,0.03297265,0.03289317,0.02781515,0.011482124,0.0304786,0.015190369,0.02809398,0.01758395
0.015845474,0.052090447,0.012374883,0.040632173,0.03297693,0.032685157,0.027777834,0.011441496,0.030529117,0.015179275,0.028055182,0.017573623
0.044473592,0.0264651,0.006428331,0.04731888,0.019904848,0.0416448,0.021843595,0.020274969,0.038577642,0.014163562,0.025713978,0.01229463
0.02395379,0.037197147,0.010343082,0.039814338,0.03342007,0.045894675,0.036384597,0.024831945,0.033682078,0.012725997,0.021500645,0.008813441
0.02452921,0.03750073,0.010411674,0.04684946,0.029339409,0.054212335,0.040555414,0.02550293,0.037772194,0.011928547,0.023768792,0.007824631
0.029063707,0.038102232,0.016388375,0.04238622,0.033582292,0.036728885,0.028126523,0.024686994,0.032019626,0.013795345,0.03337889,0.010122826
0.028602064,0.04266648,0.018374722,0.041648902,0.034971513,0.047967616,0.025037427,0.020248206,0.030456709,0.017536229,0.035564452,0.009555261
0.03300692,0.04828694,0.020015007,0.044704255,0.03382218,0.05503293,0.02333419,0.018306645,0.029168826,0.020783657,0.039270245,0.00917852
0.036842037,0.044484045,0.021398775,0.044193074,0.038168825,0.058427777,0.020011608,0.018676842,0.027580101,0.022311995,0.038754,0.009655778
0.039773192,0.043604616,0.022071747,0.043290187,0.039600186,0.063033804,0.017721351,0.01925581,0.025610095,0.024618417,0.040515505,0.0097483
0.04311051,0.0443516,0.022995234,0.042158674,0.040623877,0.06624206,0.015849013,0.019873226,0.024474377,0.025733616,0.041476678,0.009899938
0.047933344,0.044664845,0.024106298,0.038827572,0.041000005,0.06459218,0.014432882,0.02092132,0.02309569,0.026042756,0.040642243,0.009752876
0.052898914,0.04595495,0.02508745,0.035578404,0.040644508,0.06152903,0.013710496,0.021879926,0.022065684,0.026021115,0.039737634,0.009592146
0.05494583,0.046331715,0.025454612,0.033813987,0.04047203,0.060327478,0.013281078,0.022299536,0.021667318,0.025765227,0.039088212,0.009615009
0.0557397,0.045528308,0.025654975,0.032727998,0.040454246,0.05971324,0.013015656,0.022524096,0.021398913,0.025452083,0.038008615,0.009665892
0.056206632,0.044610754,0.025872393,0.03199831,0.04043106,0.059277643,0.012922152,0.022644112,0.021119015,0.025261622,0.036858264,0.0097226985
0.062172756,0.047124956,0.037322372,0.035953023,0.03719372,0.060430486,0.017419666,0.028141463,0.025450036,0.031672627,0.040114615,0.015762493
0.05612698,0.04203117,0.03469134,0.0436295,0.039881725,0.06461888,0.019503867,0.0286232,0.024020119,0.026577152,0.038742233,0.016627425
0.05467756,0.0464704,0.034494076,0.04717716,0.041992716,0.06436776,0.022822551,0.030886153,0.027193088,0.026302624,0.039326385,0.016715476
0.04849408,0.046474434,0.036800817,0.04465387,0.039223876,0.063853465,0.023055043,0.029110007,0.03031862,0.02675554,0.040171415,0.017004676
0.050940912,0.048512362,0.035889316,0.04574395,0.039443873,0.06663949,0.022913294,0.026482308,0.032421168,0.027192118,0.03997637,0.01764115
0.05214903,0.052410554,0.03430915,0.047344275,0.0398007,0.06922379,0.023456952,0.02520232,0.034942348,0.027477846,0.04077095,0.018134844
0.05280465,0.058962412,0.035045903,0.047430195,0.040823117,0.070223376,0.023787837,0.024024606,0.0376972,0.028056974,0.042749215,0.019898698
0.052264303,0.064201236,0.03551821,0.049729344,0.043546397,0.07025786,0.023953924,0.023517225,0.039459616,0.027721182,0.043906387,0.021540161
0.049404062,0.06614026,0.035743885,0.051298343,0.04438868,0.06527352,0.024249313,0.023386259,0.039768267,0.026987262,0.044774152,0.022507925
0.04609035,0.06543566,0.03585806,0.05095471,0.043449365,0.057527125,0.024488134,0.023336794,0.039676413,0.026172416,0.04520938,0.02335175
0.043589216,0.064359464,0.035198037,0.050078563,0.041994855,0.051972657,0.024566658,0.022953676,0.03981352,0.025273846,0.045292716,0.02377663
0.041957263,0.06416267,0.034261264,0.049448024,0.040596362,0.049206942,0.024650348,0.022366,0.040448844,0.02452351,0.045265287,0.023744056
0.04074297,0.0644097,0.033432156,0.049161192,0.03955296,0.04825504,0.024887681,0.02182545,0.04160113,0.023985166,0.04516696,0.023612613
0.04003901,0.06494068,0.032831527,0.049455646,0.0390257,0.048279323,0.025214242,0.021465236,0.042915896,0.023726223,0.045055006,0.023541031
0.03974613,0.065700985,0.03250421,0.05027613,0.038866963,0.048490986,0.025525343,0.02129303,0.044154312,0.023613827,0.045001686,0.023533462
0.039589006,0.0663679,0.03237864,0.05114076,0.038783837,0.04827597,0.025758997,0.02123763,0.0451547,0.02353353,0.044929218,0.023560649
0.039413184,0.06664739,0.0323345,0.05165754,0.038561452,0.047423586,0.025909448,0.021246117,0.045811664,0.023478128,0.044800133,0.02359742
0.039194558,0.066554256,0.032272745,0.05175909,0.038119763,0.04609026,0.025996072,0.021250445,0.04615019,0.023434792,0.044641968,0.023614705
0.038941972,0.06629579,0.032156207,0.051581338,0.037572607,0.044714566,0.026057454,0.021203829,0.046358436,0.023381984,0.044480823,0.023610722
0.03869812,0.066068076,0.03197273,0.05133197,0.03705941,0.04366666,0.026127886,0.021094479,0.0466122,0.023320872,0.04432104,0.0235843
0.038495306,0.06598176,0.031756,0.051159862,0.03668358,0.04307128,0.026223421,0.020955497,0.04697843,0.02326229,0.044179484,0.023543935
0.03834894,0.06604461,0.03155017,0.051139854,0.036458448,0.042832986,0.026337951,0.020822793,0.04742333,0.023222003,0.044062667,0.0234991
0.038255524,0.066206425,0.03138353,0.05126887,0.036354013,0.042769104,0.026463605,0.020725004,0.04789284,0.02320771,0.04397651,0.023463052
0.038193397,0.06637978,0.03125683,0.051470455,0.03630473,0.04270475,0.026569005,0.02065749,0.0482952,0.023205759,0.043907844,0.023431301
0.038138695,0.06650148,0.031163989,0.051649608,0.036256928,0.04254219,0.026649285,0.02061527,0.04860264,0.02321186,0.043847043,0.023405118
0.038071964,0.06653163,0.03108625,0.051746506,0.036174174,0.04224348,0.026710942,0.02058225,0.048814334,0.023223821,0.043793224,0.023384394
0.037994497,0.06649317,0.031004628,0.051763218,0.03605992,0.041886125,0.026757019,0.020544061,0.04895707,0.023231162,0.04373904,0.023362294
0.037916604,0.066433586,0.030915614,0.051735412,0.035929438,0.041542273,0.026797215,0.02049558,0.049079966,0.023236264,0.043690383,0.023339398
0.03784655,0.06639309,0.030822847,0.051713467,0.03582042,0.04127993,0.02684521,0.020439453,0.049222972,0.023241395,0.043650027,0.023317594
0.037793126,0.066387184,0.030727355,0.051717583,0.035740487,0.04110908,0.026891539,0.020381698,0.049384806,0.023246817,0.043617774,0.023296338
0.037763737,0.06641625,0.03064211,0.05177208,0.035696723,0.04100996,0.026941497,0.020329257,0.04956296,0.023253612,0.043596674,0.023275275
0.03775231,0.06646372,0.030569375,0.051861912,0.035675965,0.040943608,0.026989475,0.020293955,0.049744017,0.023262985,0.043586917,0.023258898
0.037741702,0.06650177,0.030509382,0.05193886,0.03566005,0.040863838,0.027027564,0.020256843,0.049884886,0.023277646,0.043572325,0.023246158
0.03774785,0.06652133,0.03045678,0.052046962,0.035647728,0.040772103,0.02706153,0.02021928,0.050028082,0.023281649,0.043566085,0.023234176
0.037746612,0.06652167,0.030406509,0.05212059,0.03562708,0.04065907,0.027084257,0.020207994,0.050119184,0.02328641,0.0435654,0.023222564
0.0377456,0.066497155,0.030355178,0.052166067,0.035595194,0.040538114,0.027101722,0.020191656,0.05018606,0.023291219,0.04356096,0.0232109
0.037741728,0.06646276,0.030302964,0.052192338,0.035562515,0.040424947,0.027117211,0.020173945,0.050248656,0.023293367,0.043554123,0.023199847
0.037722405,0.06640017,0.030238902,0.052212473,0.03556375,0.040333237,0.027107693,0.020300014,0.050209213,0.023296611,0.043619003,0.023184134
0.04008116,0.06944842,0.022896957,0.026624417,0.008268832,0.10879165,0.007935066,0.00931766,0.040343076,0.025131192,0.029111944,0.011430208
0.046941977,0.060607594,0.027869936,0.030167004,0.012703897,0.08945017,0.009745515,0.012818081,0.03037257,0.028715827,0.031168917,0.012443506
0.04413115,0.059999365,0.030488046,0.04666704,0.013162395,0.06928335,0.009559652,0.014664626,0.027578525,0.0332343,0.039732292,0.011758898
0.042893574,0.06706039,0.028807577,0.050549828,0.012353087,0.07432204,0.008376887,0.01262794,0.025717089,0.030904083,0.039552934,0.010445042
0.046833493,0.062827915,0.027543608,0.04864843,0.014549124,0.098183624,0.008535295,0.013064162,0.024908254,0.030183583,0.03778052,0.010355165
0.052019324,0.061248213,0.027667947,0.05562851,0.015430592,0.11404604,0.009338436,0.013423163,0.023890544,0.0329759,0.039388034,0.010357188
0.055102877,0.06427617,0.027097277,0.0631546,0.01565219,0.122413464,0.0096176425,0.013635597,0.023919683,0.03396437,0.040829167,0.0101174
0.057183333,0.06412984,0.02692124,0.06529807,0.01611084,0.12753417,0.009576553,0.013782746,0.024046417,0.033947084,0.040879205,0.010012219
0.057328176,0.06149767,0.02706338,0.064565755,0.016118519,0.1255904,0.009707009,0.01420321,0.023845065,0.03478791,0.041434865,0.0100440355
0.057174683,0.059546556,0.026947565,0.06397674,0.01571665,0.12120145,0.009705103,0.014414811,0.023387685,0.035216887,0.042100362,0.0100857625
0.05722297,0.057421356,0.026546378,0.06314806,0.015381371,0.11852746,0.009585499,0.014472036,0.023069046,0.034947768,0.04219294,0.010117161
0.057297956,0.055424143,0.026184304,0.061845772,0.015111909,0.116688654,0.009513175,0.0145819625,0.022728749,0.034910996,0.04218408,0.01017119
0.058071535,0.054105297,0.026033113,0.060112085,0.014810532,0.11461919,0.009395736,0.014684186,0.022195583,0.03523496,0.042289004,0.0102353385
0.05922587,0.053215608,0.025925882,0.05866615,0.0145417685,0.11310743,0.00923604,0.014738879,0.02169129,0.03540876,0.04234749,0.010277402
0.05994103,0.052494124,0.025827702,0.05784644,0.01436885,0.11238212,0.009122524,0.014800147,0.021368742,0.035380714,0.042322725,0.010315844
0.060254596,0.051864035,0.02578788,0.057452712,0.014261661,0.1119301,0.0090550585,0.014892989,0.021170972,0.035363477,0.04228938,0.010370075
0.06051069,0.05131118,0.02577736,0.057322633,0.01416783,0.11148306,0.009002617,0.014998142,0.021028554,0.035400137,0.04225679,0.010430399
0.060779363,0.050851345,0.025786161,0.057311036,0.014073986,0.11102806,0.008964934,0.015107035,0.020925201,0.03546667,0.04223854,0.010496676
0.06107417,0.05047534,0.025819905,0.0573351,0.013979865,0.110548444,0.008932558,0.01520897,0.020849878,0.035568956,0.042236574,0.010566924
0.06141243,0.05014887,0.025864035,0.057412058,0.013884068,0.11009126,0.0089025395,0.0153083885,0.020790214,0.0357008,0.042248465,0.010643183
0.061744407,0.04985232,0.025903553,0.057521608,0.013781677,0.10960585,0.008874172,0.015404751,0.02073479,0.03584637,0.04226986,0.010720472
0.062083904,0.04959633,0.02595654,0.05762034,0.013671906,0.109073326,0.008842802,0.015496896,0.020692142,0.036014017,0.042323288,0.010803599
0.06239376,0.049356736,0.02601631,0.05772737,0.013558399,0.1085138,0.008811387,0.015588833,0.020653233,0.03619446,0.042395998,0.010890071
0.06271123,0.049138233,0.0260706,0.057834912,0.013437494,0.107972845,0.008778229,0.015681222,0.020617329,0.03638451,0.042494945,0.010979991
0.06304641,0.048895277,0.026126513,0.057883352,0.0133161405,0.10745975,0.008742462,0.015773587,0.020583536,0.036590964,0.042611286,0.011072087
0.06339115,0.04867664,0.026184129,0.05793694,0.013195945,0.10701352,0.008708033,0.015863461,0.020552237,0.036802825,0.042744912,0.011162747
0.063699335,0.048478357,0.026240092,0.057986747,0.013068823,0.106499806,0.008673512,0.015945558,0.02053296,0.037007604,0.042901233,0.011258465
0.0639565,0.04831231,0.026306665,0.058046114,0.012947033,0.10593772,0.008639468,0.016022507,0.020519229,0.037216954,0.043073088,0.011357676
0.064216085,0.04811721,0.026363214,0.05806765,0.012822391,0.10544208,0.008603785,0.01610282,0.020499093,0.03742633,0.04323238,0.011451413
0.06447643,0.04795257,0.026406555,0.05810166,0.012701271,0.10498013,0.008569116,0.016181163,0.020484157,0.037624445,0.04340123,0.011539707
0.06460072,0.04764537,0.02651329,0.05808946,0.01258406,0.10429767,0.008545846,0.01624117,0.02050654,0.037843738,0.04359733,0.011688415
0.06475237,0.047478385,0.026564145,0.058106907,0.0124668665,0.10366264,0.00851251,0.016314382,0.020495743,0.038018994,0.043759946,0.0117806345
0.064915076,0.047341738,0.026602212,0.058156688,0.012356573,0.10316245,0.00848213,0.016385749,0.020481981,0.038184997,0.043906137,0.01186263
0.06506047,0.047197886,0.02663603,0.058198176,0.012251918,0.1027382,0.00845287,0.016452597,0.020472081,0.03833746,0.044036485,0.011940823
0.06519798,0.047063723,0.026667206,0.05823009,0.012156873,0.1022924,0.008427086,0.016518451,0.02046706,0.038485084,0.04416199,0.01201589
0.06533226,0.04692882,0.026698215,0.05829803,0.012063475,0.101844236,0.0084046,0.01658026,0.02045948,0.038628627,0.04428245,0.012087835
0.06546263,0.04681118,0.026724888,0.058371413,0.011977638,0.10145281,0.008382708,0.0166363,0.02045344,0.038756434,0.04438592,0.012153014
0.065611996,0.04670539,0.026752083,0.058444407,0.011901791,0.10111534,0.008364614,0.016689062,0.020453885,0.038879275,0.044481575,0.012213264
0.06573474,0.04659869,0.026770873,0.058536746,0.01182793,0.10077764,0.008349119,0.016738974,0.020454673,0.038992345,0.044570643,0.012270247
0.06587294,0.04650561,0.026797723,0.0586196,0.011759137,0.10045366,0.008334165,0.016780177,0.020457104,0.03910171,0.04464908,0.012322821
0.0660086,0.046410047,0.026818143,0.0587298,0.0116930315,0.10014376,0.008320659,0.016818717,0.020460254,0.03920581,0.04471647,0.012372301
0.0661535,0.046305694,0.026837626,0.058831647,0.011631036,0.09981047,0.008308915,0.016849576,0.02046901,0.039300878,0.044780534,0.01242007
0.06623461,0.046192344,0.02685245,0.0589588,0.01156622,0.09943943,0.00829687,0.016880907,0.020476008,0.03938178,0.044841226,0.012464741
0.06634034,0.046051912,0.026873557,0.059088,0.011496578,0.09893838,0.008281742,0.01690491,0.020493077,0.03946455,0.04489139,0.012507685
0.06641596,0.045863897,0.026884709,0.059268128,0.011413577,0.09823724,0.008261008,0.016929382,0.02051939,0.039546147,0.04494907,0.012551962
0.06650027,0.045658913,0.026899213,0.059439473,0.011326593,0.097421154,0.008240449,0.01694874,0.020556109,0.03963091,0.04502032,0.012592951
0.0666007,0.04544755,0.026908502,0.059610263,0.01123748,0.096572645,0.008215791,0.016962746,0.020590065,0.039717842,0.045075618,0.012631037
0.0666796,0.045208056,0.026919154,0.059869993,0.011134543,0.09550749,0.008183946,0.01697143,0.020640519,0.03981146,0.04513738,0.012667161
0.06674356,0.04491908,0.02692797,0.06012199,0.011023241,0.09429095,0.008151081,0.016987445,0.02069719,0.039912,0.045217924,0.012707509
0.06681365,0.044555202,0.026942875,0.06038427,0.010895517,0.09279385,0.008109643,0.017000435,0.020770531,0.040019687,0.045308504,0.012752547
0.06690587,0.044157658,0.026952043,0.060694743,0.010754839,0.0911049,0.00806182,0.01701784,0.02085943,0.040151898,0.04541899,0.012795981
0.06695964,0.04375867,0.026961902,0.061021492,0.010611957,0.089359686,0.008012934,0.017029364,0.020951346,0.040268585,0.045528617,0.012841969
0.07713221,0.043166097,0.038830835,0.06638559,0.019978909,0.106326185,0.012510241,0.018400304,0.025976093,0.034082126,0.060246952,0.016464215
0.06837774,0.032121196,0.03532373,0.05243927,0.01735582,0.099441074,0.010009053,0.021554252,0.029985739,0.034002405,0.04932897,0.012435498
0.058344554,0.025949389,0.034943752,0.04844133,0.019577555,0.098872334,0.011503311,0.026793439,0.027627742,0.039458454,0.04657472,0.014684344
0.059702355,0.026647422,0.03536522,0.052730083,0.020465272,0.09906109,0.013436804,0.028359206,0.028046241,0.038077787,0.049411483,0.0136077795
0.056148168,0.027579932,0.034797534,0.051332306,0.020779131,0.1008273,0.013310185,0.027677707,0.029272309,0.034999147,0.048463546,0.012842784
0.05120223,0.026650378,0.032219145,0.048103616,0.021666817,0.10691474,0.013598834,0.02709712,0.029943569,0.031552374,0.046158332,0.012671958
0.023485597,0.021495359,0.05506118,0.031156093,0.009234442,0.09645487,0.012035225,0.01737884,0.023081591,0.006693501,0.07505375,0.0035401091
0.029676858,0.015184363,0.04577568,0.031181715,0.008052952,0.08855645,0.009028015,0.019410282,0.024770845,0.009687905,0.07939594,0.0035225379
0.033419278,0.018397035,0.05083359,0.035718594,0.0075203334,0.085698105,0.011193521,0.020222493,0.027412958,0.012400107,0.08278794,0.0031123208
0.032682735,0.019650735,0.04967009,0.03671692,0.0070917797,0.08631774,0.011490863,0.018169956,0.02878192,0.0114571685,0.081929564,0.0026752125
0.032502856,0.019908872,0.050139323,0.03717521,0.007254277,0.080210574,0.011281393,0.017436791,0.029127015,0.01153022,0.07591832,0.0026284805
0.03278753,0.020696368,0.050119232,0.03849466,0.007053789,0.06951327,0.011679065,0.01686791,0.028525844,0.0113271335,0.075212926,0.0026218623
0.032958534,0.02159519,0.04988284,0.038461257,0.006890434,0.05862287,0.011355905,0.016652722,0.02847123,0.0109683825,0.07378711,0.0027034574
0.033153623,0.021507619,0.05009431,0.038440675,0.0068015475,0.05103197,0.011153875,0.01718075,0.028414752,0.011095193,0.070520654,0.0028151548
0.033083826,0.021507023,0.049571116,0.039119873,0.006689288,0.0467419,0.011339107,0.017472133,0.02804998,0.011076317,0.06900654,0.0028587894
0.03266154,0.021802966,0.049074963,0.039570373,0.0065912013,0.04405129,0.011492874,0.017527234,0.027772127,0.010897213,0.06851814,0.0029029008
0.032180708,0.021923767,0.049111795,0.039809667,0.0065416256,0.042456303,0.011680463,0.017668093,0.027643593,0.01084027,0.06816254,0.0029668545
0.03176462,0.022062775,0.049324688,0.040058836,0.0065192617,0.04148538,0.011943326,0.017794436,0.027534699,0.010848361,0.06821429,0.003023218
0.037863865,0.023345329,0.04706057,0.041900955,0.007942843,0.042545535,0.014052234,0.024349831,0.023702709,0.013567023,0.05823389,0.007838585
0.034824602,0.02040456,0.047019415,0.043178193,0.008355696,0.041476183,0.016894389,0.026564948,0.027105343,0.013545604,0.07136977,0.00692439
0.03491684,0.021665027,0.045792077,0.044907354,0.008334135,0.041153837,0.016281636,0.025775013,0.028358595,0.013501662,0.07560417,0.007292798
0.034357358,0.022561755,0.042120036,0.04514001,0.008780537,0.044867214,0.017182134,0.025584305,0.02969941,0.014535995,0.068165936,0.0086875465
0.032726422,0.022801744,0.04022464,0.046942256,0.009329679,0.04700919,0.017099433,0.02620467,0.032568164,0.014675709,0.07273649,0.008875649
0.032060675,0.023550827,0.039348945,0.04845628,0.010174214,0.049433704,0.017309988,0.027084984,0.03565487,0.015016942,0.07789219,0.009558443
0.033270787,0.024777798,0.039519437,0.048983518,0.011126902,0.0512567,0.017858254,0.028081732,0.03712804,0.01626341,0.07621794,0.010454794
0.03432777,0.025620325,0.03991509,0.048620615,0.011870257,0.050449103,0.017891135,0.029111223,0.037303615,0.017493518,0.07262278,0.010968517
0.0351156,0.026396416,0.040647622,0.04732805,0.0125464145,0.0481106,0.017775103,0.029580422,0.03681384,0.018530896,0.06921227,0.01147766
0.035947893,0.027275452,0.041255493,0.04585866,0.012979173,0.045939565,0.01777824,0.029493101,0.03613531,0.019232191,0.0662347,0.012006293
0.0364561,0.027771845,0.041484687,0.04490902,0.0132086,0.04446016,0.017681994,0.029067222,0.035833154,0.01957586,0.06430058,0.012330182
0.03632731,0.027917827,0.041377444,0.044351168,0.013387627,0.043776862,0.017598461,0.028596818,0.036074318,0.019575963,0.063913554,0.012479142
0.031859696,0.018502597,0.012852224,0.08217132,0.0031834398,0.024845282,0.016404264,0.050295167,0.04074868,0.005600285,0.06790279,0.008889607
0.027088253,0.014845606,0.015875557,0.06352283,0.0031029503,0.026628183,0.017095763,0.04146427,0.04380672,0.006222782,0.05785522,0.009106737
0.033478204,0.016619757,0.017489135,0.076332144,0.0040573734,0.026524661,0.022980353,0.039026693,0.043947533,0.006865985,0.061876703,0.0117476005
0.03750471,0.016825475,0.015560505,0.08375293,0.004456143,0.025718385,0.023339259,0.03218475,0.045734383,0.0068000015,0.064150274,0.012007
0.03813413,0.016868234,0.014892598,0.08400956,0.0045777783,0.024610247,0.020799443,0.028708333,0.047068145,0.006785286,0.062322423,0.012053189
0.038459644,0.017264996,0.014386777,0.087609015,0.0047223545,0.024159838,0.020788744,0.027476216,0.047637958,0.0070493785,0.060615417,0.012902472
0.03909327,0.017344063,0.01370265,0.08949174,0.0047585387,0.024688572,0.020156203,0.027512698,0.047995828,0.0073656966,0.058802173,0.012747391
0.038403913,0.017212728,0.013110538,0.08752879,0.004717444,0.025046274,0.01942359,0.027331641,0.047464624,0.00752445,0.055639464,0.012562677
0.03766867,0.016978377,0.012709449,0.08284758,0.004630474,0.02516451,0.01916601,0.026721371,0.04612665,0.0076407203,0.052700438,0.012665743
0.037419412,0.016943254,0.0125668775,0.07834815,0.004591163,0.025186945,0.019204931,0.026406491,0.044709425,0.007817971,0.051052906,0.012756065
0.037030935,0.01715178,0.012524964,0.07602554,0.0045735324,0.025095807,0.019461391,0.026127376,0.04386745,0.007967766,0.0503623,0.012838952
0.0365236,0.01740927,0.01252759,0.07544253,0.004555746,0.025046205,0.01971264,0.02590023,0.043634236,0.008063624,0.050106674,0.012894489
0.036060583,0.01761219,0.012553086,0.075761445,0.00455832,0.025171721,0.0198737,0.02589934,0.043730564,0.0081445,0.050080683,0.012898774
0.035664927,0.0177789,0.012609956,0.07658641,0.004579597,0.0254711,0.020023333,0.026055573,0.043899804,0.008229067,0.050259262,0.012873942
0.035308827,0.017913477,0.01267805,0.07765291,0.0046109706,0.02585382,0.020176793,0.026274461,0.044013593,0.00832068,0.050540023,0.01282594
0.03498787,0.018004542,0.012762636,0.07867953,0.004650252,0.026214644,0.020324314,0.02647963,0.043993328,0.00841923,0.050810117,0.012785191
0.03467983,0.018065613,0.012855437,0.079519324,0.0046887514,0.026504066,0.02046869,0.026607804,0.043863393,0.008512756,0.0510533,0.0127618555
0.034393054,0.01810354,0.012951171,0.08015682,0.0047198944,0.026699746,0.020605298,0.026661297,0.043694187,0.008591555,0.05127586,0.012762184
0.0341131,0.018116428,0.013033542,0.080639735,0.0047433693,0.026822828,0.020729965,0.026650485,0.043516397,0.008654505,0.051475625,0.012784579
0.033844493,0.018108083,0.013101828,0.081043586,0.0047589564,0.02689992,0.020836828,0.026609762,0.043376777,0.0087003475,0.051650263,0.0128201395
0.03359148,0.01808501,0.01315611,0.08141565,0.004766888,0.026954174,0.020924844,0.026561279,0.043286424,0.008730878,0.051824763,0.012854729
0.033355106,0.018051153,0.013195457,0.08179384,0.0047713807,0.027021227,0.021006847,0.026525531,0.043222953,0.008755025,0.052013617,0.012889003
0.033134706,0.018010708,0.013224054,0.08221628,0.0047734664,0.02709967,0.02107322,0.026517112,0.043185282,0.008772074,0.052199993,0.01290961
0.032930005,0.017968625,0.013249509,0.08261672,0.004774635,0.027185623,0.02114571,0.026515221,0.04314837,0.008789484,0.052390847,0.012931649
0.032742538,0.017925376,0.013268562,0.082997374,0.004772626,0.027271543,0.021214563,0.026517712,0.04311156,0.008804103,0.0525786,0.01294749
0.032549072,0.017878983,0.013281666,0.08336152,0.0047713444,0.02735571,0.021281913,0.026529845,0.043063723,0.008815979,0.05276461,0.012961043
0.03238217,0.01783862,0.013297415,0.08366112,0.004766483,0.027417198,0.021357123,0.026531596,0.04300227,0.008829197,0.052942727,0.012982491
0.032223836,0.01780042,0.013302466,0.08394512,0.0047611026,0.027470667,0.021429066,0.026524263,0.042946048,0.008838382,0.053109296,0.013003723
0.032073073,0.017762054,0.013308268,0.08418046,0.0047524567,0.02751144,0.021501338,0.026518488,0.042893592,0.008846104,0.053265218,0.013028734
0.03192517,0.017723469,0.013309021,0.084388025,0.004742257,0.027550217,0.021569483,0.026509257,0.042834353,0.008851977,0.053414576,0.013054943
0.031794112,0.017688992,0.013306365,0.08460843,0.004732114,0.027588384,0.021634134,0.026503088,0.042785894,0.00885729,0.05354883,0.01307786
0.031661514,0.017654516,0.013301576,0.084825605,0.00472008,0.027623028,0.021695182,0.026502049,0.042739477,0.008860846,0.053684063,0.013101274
0.031534553,0.01762061,0.013294363,0.085015826,0.004708265,0.027657386,0.02175048,0.026501648,0.042695947,0.008862482,0.053804643,0.01312179
0.031421583,0.017588638,0.013287584,0.085203595,0.0046959245,0.02769031,0.021805009,0.026505942,0.04264911,0.0088626845,0.05392807,0.013140897
0.031314787,0.01755506,0.013279035,0.08538793,0.004683662,0.02771745,0.021852912,0.026508557,0.04260755,0.008862793,0.054029495,0.0131576955
0.031221349,0.01752725,0.013276592,0.08555527,0.0046713264,0.027742399,0.021904528,0.026509048,0.042563535,0.008863883,0.054135565,0.013174585
0.03114151,0.017498232,0.01327596,0.08569056,0.0046585556,0.027763817,0.02195126,0.026503803,0.042521164,0.008863891,0.054227803,0.01319227
0.031055178,0.017468907,0.013274418,0.08581832,0.0046456256,0.027773358,0.021985902,0.026504077,0.04247702,0.008861052,0.0543115,0.013205001
0.030984556,0.017442232,0.013276198,0.085933395,0.0046331496,0.027785368,0.022024391,0.026501734,0.042440135,0.008858295,0.054402824,0.013219071
0.03092865,0.017415471,0.013279023,0.08603731,0.004619551,0.027793908,0.022061905,0.026499562,0.04240079,0.008856756,0.05447543,0.01322968
0.030866187,0.017390555,0.013273751,0.08614401,0.004607188,0.027809748,0.022083763,0.026500924,0.04236047,0.00885237,0.054544583,0.013232188
0.030818239,0.017366184,0.013274767,0.0862509,0.004594315,0.027825434,0.022110382,0.02650516,0.042324252,0.00884837,0.05461141,0.013232935
0.030775487,0.017340837,0.01327528,0.086336374,0.004582865,0.027831227,0.022133803,0.026505418,0.042297628,0.008844265,0.054678652,0.013234031
0.03073198,0.01731273,0.013275949,0.08643239,0.004571934,0.027844824,0.022152593,0.026510771,0.042271778,0.0088385735,0.05474394,0.013230409
0.030696558,0.01728299,0.013275767,0.08650496,0.004560484,0.027857726,0.022174321,0.02651357,0.042241033,0.008833267,0.054812044,0.013227034
0.030656416,0.017242575,0.013279772,0.08656159,0.0045493,0.027869023,0.022204055,0.026503045,0.042214483,0.008828303,0.054881044,0.013235744
0.03062349,0.017205784,0.013282628,0.08662403,0.004538778,0.027878856,0.022230877,0.026501236,0.04218532,0.008823478,0.054955862,0.013239537
0.030585688,0.017168194,0.013283702,0.086683,0.0045269895,0.027889531,0.022250151,0.026502024,0.0421586,0.008816703,0.05501663,0.013235116
0.030549552,0.017129648,0.0132816825,0.086739756,0.004517444,0.027900627,0.022272227,0.026501914,0.04213267,0.008812604,0.055076353,0.013233651
0.03051613,0.01708841,0.0132824145,0.08680057,0.0045070793,0.027910344,0.022289226,0.026498338,0.04211091,0.008805001,0.055135697,0.013229311
0.030483158,0.017045125,0.013281654,0.08685675,0.0044968934,0.027919196,0.022304349,0.026496328,0.0420906,0.008797622,0.055186845,0.013223015
0.04029443,0.017146805,0.022263573,0.08136143,0.0068862773,0.035807077,0.019970298,0.026241021,0.038665477,0.015675638,0.06182877,0.017700763
0.037477627,0.018870644,0.02735825,0.07831777,0.0065812087,0.030167876,0.02176675,0.031696804,0.040192593,0.015609,0.054237876,0.018901639
0.033557903,0.019164583,0.027362557,0.086870804,0.0063568326,0.027639562,0.021683667,0.030786011,0.039095867,0.015277971,0.058853317,0.016556546
0.032452445,0.02133309,0.028465668,0.07459299,0.007411445,0.028205069,0.022580875,0.02622635,0.041070182,0.015625559,0.056966983,0.017146805
0.032258116,0.0229872,0.028491514,0.06724981,0.008681227,0.030053707,0.02333146,0.025270345,0.04616812,0.015923202,0.059599638,0.018144194
0.033418838,0.025159305,0.028912118,0.06777066,0.010012488,0.03272952,0.023474582,0.026175503,0.051572416,0.016934693,0.0611396,0.019193435
0.034808908,0.02716177,0.029420303,0.068547465,0.011440109,0.034926657,0.023939336,0.027011853,0.05484839,0.018396536,0.06031869,0.019551858
0.035777807,0.028400073,0.030246532,0.06547875,0.012389005,0.035201337,0.024581838,0.027960718,0.054224435,0.01982649,0.05864735,0.019403027
0.035628915,0.029103236,0.030747108,0.06140833,0.01290452,0.03350553,0.025235591,0.02809019,0.051446926,0.020580618,0.056902096,0.019316196
0.035295527,0.029627072,0.030675504,0.05790313,0.013162909,0.031307746,0.02549705,0.027213328,0.04913431,0.020735914,0.055146948,0.019372469
0.035189003,0.029808562,0.03008922,0.054839063,0.013119086,0.029821742,0.0252955,0.025878627,0.048451997,0.020389277,0.053514972,0.019233828
0.034838013,0.029579483,0.029229527,0.05215358,0.012954573,0.029166846,0.025011063,0.024749555,0.04938803,0.019796185,0.052421555,0.019130414
0.034773182,0.029466288,0.02851124,0.05062052,0.012962653,0.029188208,0.02493322,0.024263432,0.051123638,0.019477254,0.05194386,0.019330183
0.03542767,0.029786922,0.028123086,0.05070672,0.0132230325,0.02963361,0.024986226,0.024292441,0.052989636,0.019528143,0.051753014,0.019650396
0.036273465,0.030401727,0.027974924,0.05145513,0.013644694,0.030087072,0.025033172,0.024458624,0.05445986,0.019690901,0.05147275,0.019877614
0.036867097,0.0311179,0.028030004,0.051759392,0.014181696,0.030266158,0.025147762,0.024622723,0.05494411,0.01991612,0.05089342,0.020016013
0.037124928,0.031787924,0.028189521,0.051442508,0.014795462,0.030007573,0.025426134,0.024751708,0.0543676,0.020202901,0.05017247,0.02017681
0.03715284,0.032364354,0.02832204,0.05080154,0.015441225,0.02939301,0.025838682,0.024751876,0.053364098,0.020527193,0.04946319,0.020480718
0.037151158,0.032797985,0.028353805,0.050068572,0.016069261,0.028722879,0.02628897,0.024594344,0.05255623,0.020871082,0.04881329,0.020927884
0.03724038,0.03309231,0.02830454,0.049389,0.016650395,0.028227977,0.026709655,0.024342082,0.052202903,0.021225022,0.048245966,0.021460135
0.037451386,0.033328705,0.02824399,0.04891549,0.017169183,0.027952047,0.027062465,0.024089852,0.052236207,0.021583127,0.047800235,0.022013593
0.03777061,0.033615604,0.028225072,0.048716947,0.017644927,0.027847894,0.027309997,0.023896504,0.052462585,0.02193804,0.047456373,0.02253095
0.03812147,0.03398027,0.028247409,0.048684187,0.018097065,0.027827445,0.027452638,0.023762817,0.05266322,0.022264594,0.047148224,0.022968234
0.038402177,0.03438249,0.028294403,0.04861586,0.01851991,0.02779851,0.02751738,0.023677327,0.052684657,0.022550244,0.04682366,0.023311425
0.03855708,0.034770988,0.028345697,0.048399467,0.018895505,0.027704755,0.027539087,0.023604399,0.052482747,0.022790236,0.046479378,0.023573136
0.021573784,0.06603634,0.0073190294,0.030053167,0.01633701,0.048600048,0.032049365,0.008738298,0.0476264,0.0113672,0.040181827,0.013020631
0.019214267,0.043576803,0.0074912137,0.027548641,0.013409549,0.05913897,0.027365446,0.010507974,0.03648064,0.0102428915,0.0287343,0.0125055825
0.016418496,0.04577395,0.007640304,0.03201727,0.013933248,0.045501612,0.032458015,0.012051621,0.034543883,0.012584842,0.028850758,0.012349627
0.016842717,0.054452524,0.0074299905,0.035978988,0.014862812,0.04491901,0.035083424,0.009431682,0.034153707,0.013728393,0.029241769,0.013813431
0.01779106,0.051485665,0.0077194655,0.04052684,0.016460823,0.04712817,0.03257137,0.0100505,0.03459397,0.01383673,0.028598385,0.014483609
0.018094625,0.051001627,0.008197898,0.044685543,0.017880095,0.04553738,0.034067374,0.01045594,0.034218874,0.014557486,0.02904206,0.015294838
0.018224142,0.05137678,0.008683338,0.046653032,0.018726183,0.044592,0.03466708,0.0101398835,0.034035176,0.014781941,0.029131895,0.016313791
0.01823029,0.05063942,0.00912581,0.047540843,0.019762164,0.043552447,0.033438582,0.009926933,0.03375683,0.014606998,0.028414587,0.016482532
0.018105542,0.0504868,0.009518816,0.047982436,0.020382445,0.041574948,0.03301789,0.00971915,0.033308852,0.01469904,0.028041974,0.016691543
0.018030703,0.051183656,0.009881815,0.047787584,0.02111658,0.039809156,0.032603946,0.009492866,0.03294455,0.014795608,0.027814306,0.016955758
0.017995879,0.051881626,0.010251785,0.047433328,0.022176301,0.038477473,0.031780183,0.00933507,0.032622132,0.014807465,0.027543744,0.017072031
0.017934924,0.0525275,0.01058639,0.04716554,0.023206549,0.037339587,0.031234749,0.009284192,0.032298762,0.014871291,0.027507817,0.017214099
0.017894562,0.053312216,0.010887061,0.04681633,0.0243147,0.03649873,0.030858267,0.009296529,0.032050062,0.014960031,0.027630111,0.01737929
0.017861424,0.05403979,0.011173394,0.04643039,0.025488436,0.03590203,0.030449325,0.009332659,0.031881537,0.015024477,0.027785597,0.017508343
0.017786061,0.054512367,0.011419588,0.046060357,0.026531225,0.035395928,0.030111745,0.009392688,0.031748787,0.0150828045,0.027978105,0.017630039
0.017684394,0.0548458,0.01163193,0.045647036,0.027450208,0.03494685,0.029824484,0.009468748,0.031652417,0.015144285,0.02817377,0.017746711
0.017565869,0.055081677,0.011814606,0.045201525,0.028256563,0.03454215,0.0295475,0.009535437,0.03158572,0.015196854,0.028329868,0.017840056
0.017429348,0.05517332,0.01196258,0.044769872,0.028912647,0.034156784,0.029291295,0.0095998235,0.031534217,0.015234544,0.028452512,0.017915877
0.01728674,0.05519614,0.0120800985,0.044359278,0.029449737,0.03380162,0.029070204,0.009663626,0.03148675,0.01526608,0.028542226,0.017976796
0.017127223,0.055116482,0.0121661415,0.043988198,0.029920053,0.03346449,0.028869938,0.009733434,0.0314908,0.015286624,0.028594155,0.018015476
0.016978512,0.054977175,0.012232722,0.04365478,0.03029506,0.033166572,0.028697874,0.009795687,0.03150625,0.0152908815,0.028630042,0.018050889
0.016840162,0.054872412,0.012280047,0.04333982,0.030575078,0.03293298,0.028562615,0.009837137,0.03151415,0.015286316,0.02865351,0.018085761
0.01672301,0.054778457,0.012314043,0.043072097,0.03082551,0.032710567,0.02846445,0.009881587,0.03154028,0.01528984,0.028666934,0.018110406
0.016611326,0.05465487,0.012335345,0.042833857,0.031028548,0.032511078,0.028371785,0.009924319,0.031583447,0.0152847795,0.028673666,0.0181359
0.01650268,0.054503046,0.012347754,0.042618223,0.031213861,0.032303125,0.028313635,0.00996784,0.03164313,0.015285555,0.028670602,0.018164624
0.016403802,0.05437141,0.0123547865,0.042421937,0.03137646,0.032121956,0.028261188,0.009999923,0.031705406,0.015279312,0.028659245,0.01818959
0.016310256,0.054217517,0.012353741,0.042256184,0.03152449,0.03194281,0.028210508,0.010042247,0.03177652,0.015270598,0.02864866,0.01820665
0.01621166,0.054036852,0.0123415515,0.042104907,0.03166398,0.03175666,0.028154474,0.010093607,0.031842835,0.015262045,0.028613882,0.018202463
0.016120706,0.053858794,0.012328068,0.041975968,0.031813066,0.031570725,0.028111985,0.01014299,0.03193928,0.015253964,0.028581288,0.018206885
0.016038122,0.053706124,0.0123140365,0.041862447,0.03196085,0.031394366,0.028072303,0.010191554,0.032037202,0.015245135,0.028549641,0.018210448
0.015960718,0.05355198,0.01229595,0.041763008,0.03209073,0.031226823,0.028044052,0.01024206,0.032132857,0.0152371265,0.02852079,0.018215226
0.023015328,0.044127773,0.007757262,0.10615723,0.023800304,0.02116669,0.028352965,0.02535657,0.037812453,0.010128343,0.03338864,0.029392868
0.027531385,0.047605135,0.009689479,0.08354692,0.025258766,0.03186627,0.023282131,0.017595904,0.046608046,0.009612725,0.034851514,0.029529832
0.027924484,0.043850113,0.008544206,0.091099925,0.023080591,0.033952057,0.024505362,0.01659002,0.045971457,0.0085801175,0.03748918,0.02865715
0.02576762,0.03767288,0.008529708,0.099652,0.018253192,0.02888769,0.027594373,0.017995987,0.049112104,0.008813066,0.04376648,0.030400064
0.02518459,0.034817815,0.008166748,0.091432795,0.014822121,0.02569697,0.024324954,0.016871333,0.051979885,0.008200527,0.04502327,0.02748908
0.025527153,0.03322795,0.00819684,0.09078104,0.012261783,0.024571178,0.021573085,0.01610165,0.05422148,0.007704789,0.0462981,0.024329262
0.026775327,0.030269828,0.0087068435,0.09497527,0.0100532845,0.023257129,0.02077316,0.017414102,0.05582508,0.0074132415,0.04739216,0.02173417
0.028168563,0.027739715,0.009160589,0.09660157,0.008645858,0.022687092,0.01989227,0.018904319,0.05612593,0.0071890997,0.047808092,0.019651178
0.02903124,0.025775075,0.00952352,0.09841536,0.007795035,0.023155542,0.01925726,0.02015478,0.05642223,0.0069704065,0.048257913,0.018099673
0.012598762,0.023289004,0.012508026,0.10679733,0.003261133,0.02188633,0.0131628355,0.02811736,0.03599855,0.002313816,0.06147936,0.004231019
0.012149138,0.016935138,0.009339132,0.15093872,0.0024944975,0.02389692,0.011789236,0.03892642,0.02773767,0.0028307133,0.047351696,0.0038428507
0.015312658,0.021713989,0.010784629,0.14010592,0.002529518,0.025100607,0.014830431,0.047841024,0.031012263,0.0035155653,0.050057814,0.0042198137
0.01710026,0.023404632,0.011801547,0.1156417,0.0026290407,0.02837871,0.014506033,0.045325108,0.030788004,0.0038012338,0.05238887,0.0038742977
0.017031478,0.023237612,0.0124775255,0.10420925,0.0026990653,0.027614404,0.014884904,0.042613193,0.029872019,0.0041790023,0.05217238,0.0039000856
0.016740527,0.022247523,0.012673592,0.09414681,0.0026134404,0.025679186,0.016359353,0.038534757,0.027735202,0.004494034,0.05128564,0.004066546
0.016413245,0.021127203,0.012760298,0.08622691,0.0025410214,0.023900509,0.017282868,0.035518635,0.025591603,0.0046799206,0.049862564,0.0040866123
0.01665861,0.020186681,0.01292023,0.081912726,0.0024906385,0.022875298,0.017903697,0.033845164,0.023672752,0.0048237825,0.047581576,0.004138104
0.017681984,0.019576114,0.013297685,0.08094641,0.002509276,0.022843026,0.018354146,0.033432327,0.021779368,0.00494295,0.04431953,0.004294512
0.018539479,0.019276433,0.014083979,0.08158365,0.0026442835,0.023076875,0.01824796,0.03343442,0.020298032,0.0050257617,0.041308258,0.0043558753
0.018857045,0.019241353,0.015032494,0.08256323,0.0028631222,0.023121225,0.017704096,0.033599034,0.01919121,0.0050831903,0.03930529,0.0042678677
0.018998489,0.019302493,0.015711464,0.08409757,0.0031364514,0.023207288,0.01698707,0.034268145,0.018291453,0.005114178,0.037999604,0.004108583
0.019191718,0.019359605,0.016025102,0.08648145,0.003469894,0.023498956,0.016175577,0.035413787,0.017574742,0.005136323,0.037079554,0.0039236997
0.019446798,0.019370163,0.016064957,0.08934865,0.0038522626,0.023948144,0.015353622,0.036716316,0.01702483,0.005162779,0.036429703,0.003743752
0.019720256,0.019317256,0.01595991,0.0922251,0.004250815,0.02446003,0.014607782,0.0379027,0.016618766,0.0051967413,0.03600487,0.003593008
0.01994978,0.019218313,0.015804352,0.09492389,0.004631105,0.024954787,0.013993649,0.038817,0.016334327,0.005236476,0.035767727,0.0034869304
0.020103857,0.019083073,0.01564069,0.0974361,0.0049682646,0.025399195,0.013524276,0.03945318,0.016146714,0.005274977,0.035683695,0.0034238102
0.0201726,0.018911058,0.015508271,0.09978344,0.005249558,0.025775312,0.013179576,0.039825305,0.01603673,0.005315114,0.035709035,0.0033961749
0.02015745,0.018716061,0.015405859,0.102139905,0.0054821856,0.026120432,0.012935187,0.04003296,0.01598611,0.005356156,0.03580984,0.003393618
0.020067113,0.018495653,0.015336108,0.10452199,0.005675392,0.026431149,0.0127628585,0.04014091,0.015979197,0.0053978753,0.035962734,0.0034047477
0.019916847,0.018251274,0.015299363,0.10694629,0.005842151,0.026726866,0.012645675,0.040190157,0.016001118,0.005441827,0.036154322,0.003421912
0.04094457,0.020027312,0.02795147,0.06489755,0.0036280456,0.030960904,0.007219395,0.021952718,0.012350958,0.018108578,0.06507701,0.008778229
0.045517378,0.020625664,0.023678964,0.061207283,0.0037599783,0.031923994,0.008822831,0.018453894,0.01704471,0.02077722,0.06530465,0.008308499
0.051195536,0.029099567,0.02362615,0.072650105,0.0037105798,0.032563847,0.009613669,0.015180635,0.019253954,0.019205209,0.065198205,0.006848051
0.051168475,0.029407931,0.022077553,0.05455441,0.0034664776,0.042173356,0.007384323,0.013637869,0.020895602,0.020202458,0.05889835,0.0072953356
0.049748726,0.02833911,0.021942683,0.048048347,0.00402197,0.060740676,0.007230124,0.01448389,0.022317683,0.021178262,0.056561086,0.006929448
0.050053954,0.028740948,0.021326413,0.0540889,0.0042085955,0.07201891,0.0073980787,0.014531051,0.020781476,0.021330133,0.05590046,0.0065916567
0.05235302,0.028473087,0.021866612,0.05451141,0.004452787,0.07512438,0.0072192694,0.01442518,0.019288588,0.021867046,0.053912543,0.0065220697
0.05442727,0.029011937,0.023166237,0.052160207,0.004838505,0.0754636,0.0072542494,0.014599197,0.018619549,0.02291806,0.052999288,0.006530417
0.057941966,0.030797616,0.02408669,0.052914426,0.0052390057,0.0760643,0.0075130304,0.014554764,0.018156217,0.023924204,0.053298526,0.0068572867
0.062100008,0.03307265,0.02436348,0.056184806,0.005751364,0.07706937,0.007830324,0.014268025,0.01795505,0.02427486,0.05378982,0.007488094
0.06393731,0.035864186,0.023946377,0.06178333,0.006328808,0.07869069,0.008178374,0.0138990125,0.018069204,0.023984862,0.054863498,0.008132586
0.06346871,0.03868207,0.023550816,0.06801908,0.006830444,0.079545036,0.008481396,0.0136364885,0.01857563,0.024121782,0.056014873,0.008718577
0.062562555,0.04081426,0.023444807,0.07261288,0.0072423057,0.079349026,0.008682152,0.013623335,0.019415936,0.025106227,0.05665753,0.009203884
0.06196881,0.042401116,0.023423044,0.075498305,0.0075609335,0.079085484,0.008828588,0.013788048,0.020343527,0.026464878,0.057191003,0.009569129
0.061686296,0.04360888,0.023428932,0.077192456,0.007764403,0.07895163,0.008942129,0.013978012,0.02116878,0.027787147,0.05778272,0.009850079
0.061737448,0.04434786,0.023430247,0.077977434,0.007854202,0.07883012,0.00901005,0.014126572,0.021796035,0.028942928,0.05823141,0.01007112
0.0621128,0.044744622,0.02344626,0.07797027,0.007852789,0.07846144,0.009031223,0.014233767,0.022188284,0.029942999,0.05852494,0.010252806
0.063003525,0.0450137,0.023554146,0.07709653,0.0077722757,0.07753754,0.008990788,0.014316191,0.022305587,0.030876767,0.058697402,0.010416814
0.06451952,0.045244265,0.023776537,0.07544454,0.0076255505,0.07606886,0.008881041,0.014361113,0.022127805,0.0317574,0.058678515,0.010564979
0.066235006,0.045363598,0.023978814,0.073592335,0.0074785626,0.074882686,0.008742606,0.01433802,0.021842547,0.03238357,0.058494583,0.010671675
0.06739086,0.045371886,0.02409639,0.07219533,0.007382478,0.07423742,0.008633119,0.014310458,0.021637373,0.032702766,0.058268484,0.010750928
0.066409245,0.032818034,0.017376805,0.17103001,0.0037173321,0.05128286,0.024047785,0.023316083,0.027276078,0.016938504,0.04673049,0.010992223
0.05608606,0.026660554,0.024987753,0.14327963,0.0037626997,0.05997058,0.010351242,0.022478214,0.039604537,0.012750788,0.04923794,0.008625804
0.050312344,0.020916464,0.029652923,0.11309745,0.0041293027,0.059304155,0.012892863,0.030375827,0.037652954,0.013305408,0.04419991,0.008611289
0.051301625,0.019378945,0.026964318,0.121956155,0.003953251,0.06684619,0.01500368,0.032105982,0.039253265,0.011487555,0.046951834,0.008215683
0.045437284,0.017564027,0.02561541,0.11193001,0.0037196286,0.064999804,0.013666319,0.03176971,0.04328283,0.00897233,0.045540407,0.008123867
0.04359383,0.016512683,0.023195175,0.10019702,0.00395156,0.062980965,0.013895098,0.030546933,0.043608364,0.008505868,0.045194052,0.008749398
0.04502071,0.016402625,0.02077737,0.09642957,0.0040693376,0.060527626,0.014191732,0.02949949,0.042542312,0.008187368,0.045882847,0.008851646
0.04534007,0.016220417,0.019068869,0.091770954,0.0041324547,0.054815862,0.013959812,0.028922396,0.042548798,0.007815124,0.045487273,0.009050743
0.044864524,0.015785089,0.018078834,0.086355634,0.0041538524,0.047547493,0.01402723,0.028404415,0.042165972,0.00771585,0.044881567,0.0095855165
0.04452681,0.015788889,0.017285574,0.0817092,0.0041472754,0.041744247,0.014339167,0.027988555,0.041510854,0.007745903,0.045215122,0.0100969095
0.04350079,0.015929623,0.016436802,0.07872534,0.004153687,0.037214696,0.0146963885,0.027313197,0.041758794,0.007659294,0.045845028,0.010655847
0.041885015,0.015926775,0.015423112,0.0777647,0.0041498877,0.033331893,0.015076486,0.026184741,0.042964425,0.007418093,0.046339188,0.011361007
0.04025473,0.015922222,0.014389868,0.07785977,0.004138171,0.030662179,0.015229087,0.025091346,0.0443269,0.0071530626,0.046433564,0.011864105
0.038933154,0.01599293,0.0135814855,0.07817111,0.004151644,0.029211063,0.015242036,0.024449663,0.045319125,0.0069641513,0.04630985,0.012066471
0.0379932,0.016132673,0.013043171,0.07870885,0.0041936245,0.028525673,0.015338102,0.024190096,0.045946848,0.0068684015,0.04625624,0.012143841
0.03737435,0.016312644,0.012684779,0.0795773,0.0042519877,0.028268069,0.015504769,0.024142265,0.04633594,0.0068325535,0.04634678,0.012171047
0.036939267,0.016485492,0.012455851,0.080583476,0.004316481,0.028208869,0.01570699,0.024177127,0.046521757,0.0068286685,0.04652654,0.012190406
0.036595885,0.016640052,0.012326953,0.081540875,0.004376035,0.028190212,0.015941093,0.024232674,0.046575714,0.006838225,0.04677295,0.012224595
0.03629547,0.016769247,0.012253482,0.08242116,0.0044260705,0.028138159,0.016194886,0.024269167,0.04656589,0.006848738,0.047045264,0.012275733
0.03601622,0.016879395,0.0122134825,0.08322664,0.004466187,0.02804974,0.016456578,0.02429674,0.04657219,0.00685135,0.047334548,0.012338936
0.03577658,0.016972655,0.01219098,0.08404051,0.0044970154,0.027945304,0.016720453,0.024321198,0.04663102,0.0068480116,0.04762631,0.0123995
0.03554473,0.017048681,0.012176758,0.084945805,0.004524511,0.027862778,0.016990764,0.024370225,0.04675059,0.0068381596,0.047942962,0.012457318
0.03532958,0.017112227,0.01217146,0.08595081,0.0045502675,0.027824076,0.017257458,0.0244443,0.046915065,0.0068276622,0.0482682,0.0124992775
0.03513093,0.017160866,0.012177791,0.087065615,0.004575623,0.02783242,0.017531078,0.024553271,0.04709216,0.006819464,0.04860337,0.012531677
0.034954026,0.017202567,0.012192623,0.08825934,0.004600678,0.027872406,0.017806716,0.024678761,0.047275864,0.0068134237,0.04895755,0.01255852
0.03478817,0.0172383,0.012217774,0.08944907,0.004623692,0.027927473,0.018080307,0.024813352,0.047450393,0.0068092244,0.049311724,0.012577586
0.03461915,0.01725436,0.012245127,0.090641424,0.0046443646,0.02798094,0.018348636,0.024947392,0.047598712,0.006806381,0.049652405,0.0125955
0.024087578,0.028712615,0.0016083071,0.090739034,0.0091966735,0.05179232,0.01747151,0.014827211,0.041506402,0.0038764344,0.043511976,0.011081657
0.022242501,0.017916262,0.0023534512,0.0774253,0.010702907,0.04933521,0.017442102,0.025020745,0.040158413,0.0038077196,0.032838456,0.012493824
0.023689758,0.02023281,0.00241808,0.07502505,0.012166009,0.038984735,0.02116185,0.03651385,0.042899836,0.0044233105,0.036457967,0.015566479
0.029596755,0.03397522,0.004500253,0.07495034,0.02743757,0.04940408,0.018381929,0.022674227,0.034292966,0.006559344,0.04391036,0.010376703
0.022909813,0.037938006,0.0063698874,0.08770885,0.013780491,0.040627006,0.025783582,0.02122901,0.039005425,0.007298766,0.040388133,0.014564815
0.023684273,0.04266903,0.005823318,0.09264883,0.011728473,0.0434319,0.0303377,0.017453603,0.04166391,0.007982529,0.040231407,0.017777018
0.02569021,0.045143977,0.005579034,0.094475076,0.014006439,0.050244823,0.029847192,0.014927238,0.04013097,0.007266313,0.037932962,0.016264463
0.0256936,0.04564735,0.005506649,0.11912822,0.014919203,0.05507351,0.03295583,0.015304729,0.038436238,0.0075583537,0.038513213,0.017740745
0.02642326,0.048466496,0.0055264807,0.13204719,0.015811602,0.0595539,0.034398228,0.014983582,0.039260853,0.008044442,0.037921075,0.01827461
0.026296128,0.05080052,0.005822943,0.1305013,0.017902583,0.059566606,0.033615526,0.013658814,0.039874677,0.008289308,0.036622085,0.017444529
0.024918856,0.05065787,0.006120722,0.13167433,0.018550375,0.05674994,0.03335477,0.01290896,0.03953246,0.008682537,0.03548833,0.017369626
0.023755157,0.051413268,0.0063672294,0.13341598,0.01947516,0.052913625,0.033213437,0.0122312,0.039238334,0.009213574,0.034024075,0.017446252
0.022917314,0.0531675,0.006687163,0.13439302,0.02112682,0.04941595,0.032567427,0.011297753,0.0390454,0.009578719,0.03239947,0.017291043
0.056111444,0.038257804,0.0073055127,0.09653887,0.015688129,0.027258128,0.015015807,0.020242091,0.036820553,0.009068298,0.03263152,0.012562831
0.04523191,0.05116087,0.011327774,0.09154055,0.016856471,0.03561376,0.018872252,0.02166325,0.03836215,0.01446103,0.037347957,0.011858271
0.048973188,0.053271662,0.01294744,0.095398314,0.01703147,0.042506963,0.017532105,0.019555382,0.0380944,0.013627981,0.03597596,0.010622917
0.062557235,0.054632477,0.014822238,0.09070785,0.01893725,0.042586256,0.014304044,0.01930829,0.036218718,0.0130205145,0.033628903,0.009421227
0.0661022,0.059910208,0.016973205,0.08952475,0.020719236,0.046336614,0.01435946,0.01972291,0.035425544,0.014827134,0.03716387,0.009361137
0.06846964,0.061140545,0.018822776,0.088769294,0.023082849,0.047584534,0.014346581,0.019664576,0.034236856,0.016738275,0.038638204,0.0094051715
0.07011313,0.05818829,0.020133195,0.07927608,0.025361959,0.04744994,0.013894969,0.020187626,0.032367323,0.018098535,0.03901399,0.009364176
0.06900162,0.056525145,0.021143056,0.06658067,0.027440375,0.046450745,0.013846103,0.02054915,0.030870091,0.020188114,0.040625528,0.009647168
0.06599068,0.054202233,0.02180297,0.057599414,0.02896181,0.045219254,0.01367053,0.020777531,0.029652353,0.02178672,0.041731678,0.00990034
0.06398358,0.051154636,0.022139484,0.05240054,0.029899182,0.04433467,0.013306097,0.021076353,0.028375095,0.022417478,0.041534062,0.010036751
0.062798694,0.049103662,0.022347704,0.049339063,0.030368553,0.04402491,0.013135388,0.021253286,0.027286276,0.022674462,0.041039016,0.010126321
0.061915953,0.047565714,0.02253273,0.047422286,0.03062274,0.044110022,0.013082871,0.021306483,0.026485913,0.022684919,0.040435225,0.010164111
0.061555367,0.046061236,0.022706913,0.04603961,0.030784959,0.044361655,0.013085543,0.021359984,0.02581167,0.022539742,0.039612107,0.010167191
0.06148924,0.044902217,0.022900976,0.045035843,0.030904906,0.04470369,0.013194542,0.021410145,0.025235005,0.022396816,0.038821965,0.010162345
0.061364044,0.04401225,0.023144806,0.044307344,0.03101637,0.04510507,0.013366537,0.021439357,0.024785172,0.022257531,0.038090363,0.01015477
0.06125249,0.043172244,0.023427874,0.04371082,0.031131828,0.04552504,0.013553132,0.021463819,0.024406541,0.022101114,0.03730984,0.0101447515
0.061134014,0.042425122,0.023745421,0.043229707,0.03126343,0.04593544,0.0137574645,0.02149051,0.024083653,0.02197316,0.036538944,0.010138089
0.060951915,0.04177885,0.024092887,0.042818505,0.031398885,0.046340734,0.013963685,0.021507708,0.023810687,0.021860534,0.03579065,0.010129475
0.0607195,0.04118056,0.02446583,0.042452775,0.03154893,0.04674051,0.014152207,0.021526555,0.023575913,0.02175227,0.035056606,0.010115781
0.060484327,0.040626902,0.024846297,0.04212473,0.031699225,0.047109697,0.01432993,0.021552075,0.023357343,0.021665575,0.034344945,0.010095803
0.05772727,0.07667136,0.037838783,0.03583795,0.020853465,0.048062626,0.0288984,0.019031478,0.024882497,0.012772975,0.06327856,0.0063643334
0.063095324,0.046957117,0.03090366,0.04430956,0.019065965,0.054739777,0.013383364,0.020392621,0.024007114,0.012280259,0.066548474,0.0054243878
0.07320803,0.04246269,0.03163812,0.048760504,0.014201167,0.049495313,0.012680922,0.023076963,0.026497606,0.014601118,0.07374549,0.0050321273
0.06814389,0.03804373,0.032552317,0.047607694,0.011489379,0.047597185,0.013198112,0.022988874,0.029969117,0.013849568,0.07548673,0.0041036457
0.06445755,0.037311,0.03272775,0.05489741,0.011601025,0.054535795,0.011883765,0.025517447,0.035022568,0.012812624,0.069924794,0.0037421605
0.061285593,0.036999065,0.03400178,0.06137709,0.011268172,0.058687113,0.012074608,0.027306192,0.038395144,0.012915227,0.06611029,0.0035028527
0.05617037,0.039094865,0.034310225,0.06565424,0.011053652,0.060269065,0.011971657,0.02675372,0.04008778,0.011937948,0.064226866,0.003231899
0.053029045,0.040391628,0.0356264,0.06999345,0.011210728,0.059859384,0.0114554735,0.026805203,0.04101387,0.01136839,0.061490312,0.003162061
0.051888365,0.040084172,0.037413307,0.072749704,0.011009852,0.057038385,0.011399059,0.026869623,0.040513605,0.011266456,0.06004997,0.00316287
0.050451428,0.040154047,0.03901557,0.07213095,0.010731349,0.05305896,0.011271296,0.026335634,0.03901557,0.011203374,0.059128348,0.0031765155
0.049085297,0.0398892,0.040422097,0.07057437,0.010522814,0.050168402,0.011061034,0.025777774,0.037580814,0.011131977,0.057512067,0.0031932204
0.04786385,0.03898125,0.040956922,0.069362305,0.010268011,0.04835574,0.011003827,0.025278565,0.036455028,0.010941847,0.056377206,0.003183323
0.0460092,0.038067963,0.04048434,0.06753255,0.0099857105,0.04713622,0.010957907,0.024914877,0.03570966,0.010548583,0.056250066,0.003190781
0.044035617,0.03708551,0.039637443,0.06501944,0.009783064,0.046384387,0.010996277,0.024852436,0.03529659,0.010193845,0.056757778,0.003232471
0.042555258,0.036188684,0.039144684,0.062557176,0.009663839,0.045575302,0.011230785,0.024788823,0.034770768,0.010141004,0.05760569,0.0032946905
0.041242532,0.035644393,0.039071083,0.060217515,0.009565084,0.044933926,0.011534606,0.024457159,0.034014024,0.010205629,0.05865246,0.003382833
0.039993167,0.03538598,0.039277826,0.058054622,0.009489948,0.04456045,0.011876538,0.023913566,0.033182822,0.010236836,0.05969647,0.0034962792
0.03889855,0.035277907,0.03955806,0.056165528,0.009432911,0.04432898,0.01225818,0.023315372,0.032373216,0.0102189565,0.06062302,0.003620796
0.03805469,0.0353443,0.039742917,0.054576147,0.009371309,0.04412677,0.012652059,0.022694392,0.03166174,0.010153016,0.061431024,0.0037493338
0.037503455,0.03559113,0.039824907,0.05323625,0.00930646,0.043989465,0.013035052,0.022080924,0.031066256,0.010056711,0.062105186,0.00387798
0.043679778,0.03543288,0.042589124,0.02676293,0.0056280387,0.07781028,0.0067591695,0.014106602,0.018512571,0.03124194,0.052774522,0.005721969
0.04304963,0.032099757,0.03755017,0.035667665,0.007833006,0.081584774,0.008502189,0.017523836,0.021810437,0.02651506,0.053406443,0.0067068264
0.045286994,0.038337223,0.03683022,0.039751355,0.007891241,0.07293528,0.008434732,0.016575571,0.023986913,0.024511969,0.06285479,0.0067499103
0.043963723,0.040041897,0.0335752,0.03519759,0.0069720764,0.07763473,0.0074082715,0.0152399875,0.023722319,0.024768012,0.057987723,0.0071045132
0.044448268,0.039899975,0.03178731,0.034446944,0.0080027515,0.09001824,0.00779952,0.015768036,0.023998,0.025522267,0.05584466,0.0069528404
0.04992739,0.04190174,0.031099027,0.03746154,0.008848831,0.09375236,0.008487923,0.015467373,0.022892289,0.026631555,0.056608494,0.0072249137
0.05365881,0.043558,0.030987877,0.041566383,0.009363552,0.09159615,0.008859652,0.01525746,0.021880003,0.027908348,0.056122612,0.007939256
0.056705732,0.045078054,0.030873364,0.047182497,0.010046657,0.09260152,0.009150766,0.015430703,0.02122547,0.028900046,0.054531038,0.008336515
0.06004655,0.04679795,0.031119846,0.052563783,0.010635187,0.09485001,0.009385113,0.015603659,0.021112304,0.02974516,0.054059952,0.008654084
0.06298123,0.04756637,0.031685367,0.05635449,0.010864148,0.09423152,0.009431232,0.015727902,0.021142352,0.03061853,0.054017097,0.008992714
0.06534116,0.047019605,0.03173445,0.058108326,0.010790032,0.092052646,0.009319341,0.016035369,0.020826906,0.031579,0.053439513,0.00919919
0.06733411,0.04609286,0.031257402,0.05870346,0.010634756,0.09116491,0.0091789765,0.016259482,0.020321816,0.03234433,0.052651685,0.009286552
0.06825537,0.04558919,0.030475192,0.06027059,0.010652541,0.09238746,0.009115631,0.01618209,0.019940812,0.032323744,0.052287776,0.009328418
0.06784151,0.045651942,0.029474666,0.063995145,0.01074271,0.09470734,0.00914281,0.01593285,0.019643165,0.031705797,0.05233012,0.009366534
0.06703103,0.04572201,0.028755885,0.06761241,0.010753093,0.096221134,0.009170962,0.015761562,0.019534083,0.031442232,0.05221325,0.0094255665
0.06670263,0.045566518,0.028319921,0.06941119,0.0107196225,0.09704148,0.009161909,0.015683172,0.019582162,0.031492822,0.051956028,0.009476372
0.06671673,0.045401625,0.02798592,0.070146576,0.01068139,0.097576104,0.009149594,0.015669981,0.019679964,0.03167529,0.05182033,0.009523893
0.066759035,0.04529494,0.02768162,0.07049958,0.010627247,0.09783244,0.009141604,0.015671084,0.019765826,0.031893834,0.051830012,0.009566169
0.066799596,0.045188405,0.027404314,0.07056389,0.0105527295,0.09771264,0.0091261845,0.015664054,0.019827757,0.03211537,0.051911358,0.009604122
0.06681479,0.0450386,0.027141236,0.07044456,0.010459857,0.097276084,0.009103303,0.015658055,0.019864323,0.032338366,0.05202717,0.009641085
0.06688885,0.044898182,0.026911464,0.070181824,0.0103574125,0.09664148,0.009075598,0.015647454,0.019885736,0.032574873,0.052196182,0.00967993
0.06696467,0.04475487,0.026716497,0.069830656,0.010246725,0.09584461,0.009041847,0.015637416,0.019899333,0.032819487,0.052404918,0.009720528
0.0670976,0.044627506,0.0265558,0.06944784,0.010135343,0.094923384,0.009003568,0.01562476,0.01990704,0.03305986,0.052635062,0.0097654695
0.06724194,0.04451937,0.02642996,0.06909748,0.0100236535,0.0939001,0.0089605255,0.015621659,0.01991318,0.033316493,0.052893195,0.009814437
0.067392215,0.04442323,0.02633109,0.06875042,0.009917373,0.09284779,0.008915015,0.015625136,0.019922355,0.033566575,0.053147376,0.009867218
0.06753361,0.044346873,0.026266884,0.06845453,0.009817889,0.09175168,0.0088649,0.015638048,0.019937936,0.03382481,0.053398725,0.009929164
0.06763995,0.044248946,0.0262595,0.06818355,0.00974505,0.09078383,0.008809056,0.015653763,0.019959234,0.034118902,0.05361873,0.009999853
0.067770585,0.04419182,0.02622725,0.06801211,0.009656243,0.089714155,0.0087514995,0.015683526,0.01999117,0.03436703,0.053844202,0.010070188
0.06789181,0.04414503,0.026205802,0.06792283,0.009571565,0.08859287,0.008693688,0.015724692,0.020034723,0.034617357,0.054058585,0.010147007
0.0679927,0.04410362,0.026199427,0.06789632,0.009493691,0.08752066,0.008631328,0.015775105,0.020083481,0.0348645,0.05424645,0.010227019
0.068061315,0.044069283,0.026199007,0.06791188,0.009424019,0.08648661,0.008570059,0.015827607,0.020143468,0.035099793,0.0543996,0.010310286
0.06812385,0.044022102,0.02620045,0.067975655,0.009359094,0.08550311,0.008506921,0.015886365,0.02020738,0.03533634,0.0545107,0.010393448
0.0681634,0.043967642,0.026205512,0.0680452,0.009300662,0.08456906,0.008444744,0.015944218,0.02027729,0.03556947,0.054588128,0.010479613
0.06818299,0.043900535,0.026210487,0.06813376,0.009248816,0.08366482,0.008384512,0.016007269,0.020351853,0.035795756,0.05462288,0.010566864
0.068181455,0.043823592,0.026215017,0.06825311,0.009200815,0.08280233,0.008325788,0.016068822,0.0204278,0.036013883,0.05461694,0.010653179
0.068186186,0.0437442,0.026219927,0.06839116,0.009157223,0.081993245,0.008268133,0.016129822,0.020505605,0.03623534,0.054569103,0.0107388245
0.06818875,0.04364966,0.026227375,0.068509415,0.009120585,0.081223026,0.008212804,0.016186697,0.020588214,0.036444444,0.054484528,0.010824818
0.06818573,0.043541744,0.026236191,0.06863374,0.00908745,0.08049732,0.008161705,0.016245164,0.02067113,0.036655407,0.054353405,0.010910774
0.06817193,0.043434504,0.02623626,0.06879341,0.00905653,0.07983096,0.008112832,0.016303288,0.020750316,0.036864564,0.05421191,0.010992986
0.06818414,0.04332205,0.026239755,0.06893327,0.009030975,0.07920264,0.00806589,0.016353898,0.02083015,0.03706386,0.05402519,0.011075204
0.06818859,0.04320833,0.026247958,0.069067076,0.00900696,0.07857773,0.00802141,0.016404226,0.02091522,0.03725234,0.053827457,0.01115589
0.06819444,0.043088313,0.026252309,0.06921597,0.008984902,0.07798604,0.007979264,0.016450105,0.020995125,0.037444357,0.053604443,0.011235821
0.06821402,0.042968944,0.026254904,0.0693624,0.008966426,0.077457495,0.0079402365,0.016493797,0.02107292,0.03762966,0.053363483,0.0113117965
0.068234205,0.042839564,0.026262727,0.06949497,0.0089497,0.07695623,0.007902542,0.016535474,0.021151314,0.037810873,0.053117916,0.011388323
0.06826474,0.042718172,0.026267963,0.06963874,0.008934201,0.076465614,0.007868275,0.016572127,0.021225514,0.037990123,0.05286607,0.011462235
0.06829086,0.042598095,0.026274245,0.069796085,0.00891917,0.076010145,0.007835318,0.01660765,0.021297889,0.038161766,0.052605096,0.0115321865
0.06832898,0.042469494,0.02627982,0.06990891,0.008907337,0.075575076,0.007802581,0.016641036,0.021372916,0.038321175,0.05234419,0.011601226
0.068365395,0.042337302,0.026285289,0.07003514,0.008894923,0.07515249,0.0077736625,0.016673699,0.021436956,0.038490247,0.052083503,0.011668942
0.06840121,0.042216007,0.026299473,0.070163846,0.008888608,0.07478693,0.007745111,0.016704304,0.021501914,0.038653843,0.05182421,0.011732934
0.068439625,0.04208453,0.026320374,0.07028185,0.008882812,0.0744419,0.0077169156,0.01673804,0.021566043,0.03882162,0.051577203,0.011796588
0.0780228,0.041470196,0.03652062,0.07142579,0.017445559,0.09464677,0.012004884,0.018437188,0.026031926,0.032672998,0.06434143,0.015416329
0.06900384,0.031260967,0.033935975,0.05711701,0.015155518,0.08817386,0.009751877,0.021715833,0.030471398,0.03232889,0.05457184,0.011600198
0.0588961,0.025753781,0.03397446,0.052575633,0.017242713,0.08998555,0.011296666,0.026768677,0.028188739,0.037447657,0.05047334,0.0136876935
0.060084958,0.026578674,0.03427498,0.05784008,0.018111827,0.0898865,0.013103321,0.028212976,0.028581653,0.03612578,0.053189203,0.012607752
0.056320187,0.027240476,0.033865176,0.057049885,0.017889619,0.08911189,0.012846103,0.027467048,0.030143201,0.033148013,0.05270951,0.011851411
0.051213183,0.026042832,0.03152098,0.053536765,0.018348541,0.09246414,0.013046774,0.027006175,0.031112747,0.029979859,0.050221708,0.01173074
0.0499752,0.027252253,0.030891532,0.0531054,0.018483698,0.09512841,0.013972071,0.026755279,0.031999867,0.029227553,0.050129853,0.011967095
0.049634594,0.029288491,0.030443665,0.053951956,0.01897906,0.09735159,0.014601399,0.026429731,0.03397918,0.028639538,0.04993413,0.012382525
0.02334005,0.024978468,0.05104824,0.038317062,0.008491331,0.07921509,0.01310715,0.015661884,0.02621252,0.006167767,0.074254885,0.003666597
0.029623164,0.01779582,0.041840915,0.03644591,0.007686651,0.07181319,0.010395037,0.018827261,0.026286978,0.009074247,0.077999346,0.00368994
0.03492774,0.020845976,0.046563804,0.039059058,0.007199437,0.066136844,0.0127783865,0.02013017,0.028152905,0.011568717,0.081342325,0.0034104395
0.04666527,0.023067744,0.04435236,0.045735136,0.007973076,0.06330145,0.012897299,0.025138466,0.027434504,0.013391004,0.07190558,0.006716595
0.041800562,0.021406429,0.04165621,0.04789363,0.008507875,0.061646152,0.015373271,0.027696012,0.031051299,0.013213014,0.075359635,0.0062822057
0.04147215,0.023284674,0.040918775,0.050308272,0.008631389,0.059340168,0.015685653,0.027681308,0.033162605,0.013102513,0.07846168,0.006428849
0.04080157,0.024938148,0.037777096,0.05163993,0.009015029,0.06386369,0.016342536,0.026967498,0.034643315,0.013548907,0.07105483,0.007086326
0.03965766,0.02611561,0.036598425,0.053478215,0.010039593,0.06782252,0.016855706,0.027878063,0.037316322,0.014009475,0.073958956,0.007407189
0.040384512,0.027868228,0.036480363,0.056140598,0.011431221,0.071064696,0.017357038,0.029124917,0.04035454,0.014793035,0.07693,0.008112767
0.042415533,0.029919667,0.036589492,0.05747851,0.012592861,0.07261849,0.017930364,0.030348172,0.041876737,0.016037332,0.07365162,0.008912592
0.04340919,0.031001331,0.036442436,0.056812134,0.013241044,0.06881081,0.018197073,0.031446826,0.041996486,0.01700179,0.069264986,0.0095495535
0.04376117,0.031493846,0.036575455,0.055106837,0.013497831,0.061005205,0.01832151,0.031811003,0.041665267,0.017606921,0.06640832,0.010302085
0.0442385,0.031671237,0.036702376,0.053362314,0.013461485,0.05415631,0.018266622,0.031573348,0.041418336,0.01805739,0.06438445,0.011054428
0.0445643,0.031366054,0.036389805,0.052090704,0.013331261,0.05000322,0.018040344,0.031124976,0.041594606,0.018325208,0.06295965,0.011558313
0.04416923,0.030803,0.035782274,0.051170606,0.013314274,0.04772626,0.017920608,0.03075447,0.042166434,0.018536754,0.062264714,0.011915364
0.043677185,0.030483607,0.035353888,0.050635695,0.013547148,0.04639659,0.018054552,0.030673286,0.04284701,0.019020755,0.061811384,0.01237567
0.043681875,0.030396715,0.03523831,0.050624542,0.013796604,0.044714097,0.018279824,0.03087788,0.0436058,0.019706167,0.06118274,0.012985515
0.04368362,0.0308738,0.035377074,0.050901286,0.014511672,0.04400297,0.018600686,0.031012462,0.04391085,0.020605361,0.059762616,0.013572953
0.043578524,0.031226682,0.035544477,0.05086976,0.015125031,0.042676423,0.018907772,0.031099282,0.04396244,0.021433294,0.058008075,0.014222179
0.04303594,0.031994473,0.035866372,0.049973402,0.016234096,0.04256168,0.019333528,0.031021057,0.0432431,0.02229173,0.05607191,0.014857102
0.042735685,0.032206345,0.03581548,0.049559858,0.016753089,0.040896747,0.019757947,0.030791996,0.042980406,0.022900922,0.054454163,0.015553079
0.042423427,0.03231274,0.0355868,0.049444124,0.017193655,0.03917676,0.02021593,0.030467052,0.04289134,0.02342324,0.05310986,0.016235694
0.042176075,0.032438226,0.035266805,0.049481474,0.01766728,0.037859473,0.0207024,0.03010997,0.04307879,0.023883875,0.051921923,0.016916435
0.016776877,0.01674198,0.011668942,0.09666225,0.0019533369,0.014328563,0.02162512,0.061467584,0.02195735,0.003897682,0.06987386,0.0039425255
0.016667549,0.015533231,0.012707595,0.09460684,0.0019857376,0.014690749,0.016557246,0.053723086,0.023137076,0.004609432,0.061903577,0.0040747076
0.018231152,0.018412314,0.016637174,0.08871899,0.001831578,0.015074328,0.024407571,0.04785511,0.024982346,0.004964049,0.06942907,0.0060869306
0.017724583,0.018560557,0.015919175,0.08843426,0.0016589202,0.016482284,0.022613628,0.04011839,0.024205824,0.004591945,0.06321846,0.006143642
0.016433872,0.0182666,0.0139417285,0.09587053,0.0016303352,0.017157689,0.018725688,0.040301796,0.025917571,0.0041934373,0.05626823,0.0056047398
0.015632953,0.017990822,0.012201614,0.0973188,0.001605524,0.017408978,0.016824663,0.038138896,0.02685717,0.004022549,0.052543346,0.0055295425
0.015701247,0.017300226,0.011329077,0.09497321,0.0016513295,0.017843625,0.014967721,0.037104268,0.026247054,0.003943505,0.04838492,0.005306715
0.016847426,0.016434843,0.011288068,0.092807524,0.0017726236,0.01850128,0.01385685,0.03665384,0.024556413,0.004009099,0.04394521,0.0051266537
0.018483426,0.015957708,0.011833059,0.091594875,0.0019800467,0.018992119,0.013470494,0.03506059,0.022708448,0.0042551868,0.04088289,0.00508719
0.019657169,0.015950393,0.012583432,0.092015974,0.0022536905,0.01903991,0.013279096,0.033358637,0.021265438,0.0045450395,0.039254986,0.0050650467
0.020361504,0.016204104,0.013272027,0.09413758,0.0025643236,0.018920027,0.013103401,0.032358512,0.020148274,0.004806558,0.038329855,0.0050123027
0.020793771,0.016500978,0.013762752,0.097520895,0.002888265,0.018890329,0.012906129,0.03225623,0.019304797,0.0050219786,0.037680488,0.004922074
0.021014962,0.0167195,0.014012801,0.10178612,0.0032257743,0.019030955,0.0127185825,0.032994382,0.018725058,0.0051899296,0.03718221,0.004798921
0.02105514,0.016792258,0.01408886,0.1063676,0.0035716188,0.019320441,0.012587349,0.034225754,0.018348252,0.0053193355,0.036809113,0.0046552736
0.020971915,0.01672221,0.014069479,0.11069174,0.0039111977,0.01969735,0.012514241,0.035639733,0.018094124,0.005421353,0.03655969,0.004508628
0.020818617,0.016551618,0.014008657,0.114416905,0.0042287936,0.020088615,0.012485131,0.03700974,0.017921692,0.005502992,0.03641965,0.0043730442
0.020639617,0.016335215,0.013954851,0.11733689,0.0045082853,0.020437354,0.012476357,0.03818189,0.017793402,0.0055703,0.036355667,0.0042566885
0.020485379,0.016122008,0.0139354495,0.11947422,0.0047353595,0.020690218,0.012464172,0.039123967,0.017691636,0.0056252377,0.036335163,0.0041637383
0.020377308,0.015940912,0.013961072,0.12092246,0.0049077244,0.020855019,0.012430409,0.039871883,0.017611574,0.005672277,0.036319986,0.004093004
0.020294253,0.015783206,0.014007644,0.12188201,0.0050388835,0.020988561,0.012406077,0.040468864,0.017551845,0.0057218415,0.03632617,0.004038277
0.020230684,0.015656043,0.01405672,0.12253041,0.005145859,0.021110732,0.012400418,0.04095442,0.01752185,0.005776288,0.036381807,0.0039936854
0.020156857,0.01553609,0.014091516,0.12296607,0.0052354187,0.021229059,0.012399354,0.041353226,0.017505128,0.0058286376,0.036445316,0.0039534913
0.020078538,0.0154306665,0.014118815,0.123246625,0.0053143324,0.021329384,0.012397503,0.041679613,0.017492888,0.0058791502,0.036509603,0.00391614
0.019990752,0.015327549,0.014140583,0.12341094,0.005384992,0.021423012,0.012391562,0.04192892,0.01747955,0.0059245643,0.036568258,0.0038811935
0.019897602,0.015231982,0.014160173,0.1235043,0.0054516755,0.021510765,0.012388352,0.042118788,0.01746246,0.00596933,0.03662472,0.003848623
0.019804232,0.015145274,0.014183042,0.12351586,0.005513597,0.021589538,0.012385867,0.042250637,0.01744165,0.006012734,0.03668841,0.0038194747
0.019701926,0.015061002,0.014204575,0.123517714,0.005571531,0.021670599,0.012381633,0.042318266,0.01742032,0.0060556247,0.036755722,0.0037924715
0.019594286,0.014980514,0.014220394,0.123526245,0.0056272573,0.021735864,0.012379178,0.042357635,0.017394766,0.0060986634,0.036826923,0.0037677616
0.019476658,0.014902582,0.014242155,0.12353797,0.0056793923,0.021801054,0.012373105,0.04232375,0.017366404,0.006139128,0.03689196,0.0037470667
0.01935976,0.014828681,0.014261849,0.12356895,0.005731423,0.02187162,0.012369232,0.042271383,0.017340863,0.006179897,0.036970094,0.0037286123
0.019234745,0.01475272,0.014277726,0.12365233,0.0057813865,0.02193868,0.012363104,0.04218514,0.017315594,0.0062194797,0.037054952,0.003711921
0.019117204,0.014686159,0.01429987,0.123756886,0.0058282227,0.02200236,0.012357178,0.04206404,0.017290022,0.006260708,0.03714739,0.0036981322
0.018997394,0.01462153,0.01432387,0.12393109,0.0058764876,0.022065558,0.012352332,0.041928213,0.017264899,0.006299456,0.0372445,0.0036862378
0.018878123,0.0145588275,0.014350365,0.12412201,0.0059227785,0.022139935,0.012343853,0.04179082,0.01724668,0.0063386397,0.03735336,0.0036758676
0.018763332,0.014498026,0.014379113,0.12437005,0.0059695058,0.0222144,0.0123384595,0.04163907,0.01723042,0.0063790083,0.0374784,0.0036678968
0.018659916,0.01444211,0.014418773,0.12467177,0.0060138656,0.02231032,0.012329085,0.041476063,0.017222136,0.0064225807,0.037630264,0.0036634717
0.018568108,0.014396382,0.01447335,0.12501818,0.0060625225,0.02243731,0.012334392,0.0413274,0.017224325,0.0064752954,0.037831023,0.0036646172
0.01848979,0.014347498,0.014544523,0.12544551,0.0061096163,0.022598352,0.012346417,0.041165214,0.017237866,0.0065356884,0.03808636,0.0036716298
0.018429782,0.014310236,0.01463584,0.12595919,0.00616209,0.02280333,0.012372179,0.041025233,0.017271599,0.0066092447,0.038410094,0.0036845694
0.018369032,0.014266168,0.014730633,0.12650636,0.00621686,0.023044718,0.0123988865,0.040874224,0.01731647,0.006690528,0.03878053,0.0037022333
0.018315388,0.014223883,0.0148347365,0.12705804,0.0062734657,0.023295125,0.0124339275,0.040713936,0.017371839,0.0067777457,0.039173722,0.003724043
0.024218315,0.017393561,0.023813253,0.15040107,0.010614441,0.034212817,0.014892225,0.03485945,0.018869646,0.009541118,0.06697297,0.0070322696
0.02733952,0.018510314,0.026047394,0.12777905,0.0071370425,0.030750213,0.016340887,0.03184136,0.023057789,0.009712965,0.060356896,0.0067434018
0.031394158,0.019352961,0.031987,0.12165231,0.0068685478,0.028208898,0.019059064,0.031135,0.023951484,0.010233797,0.071929164,0.008253921
0.032429088,0.020127635,0.03574166,0.11414693,0.0073234923,0.028767088,0.021347031,0.028667105,0.025052166,0.010603844,0.070546225,0.010311093
0.031701036,0.020994887,0.0355331,0.11293978,0.007689547,0.031314984,0.021684041,0.026218176,0.027668333,0.009628275,0.07492456,0.011443885
0.03270975,0.022758305,0.03536377,0.11227442,0.008198678,0.035505995,0.021156576,0.025489032,0.031617686,0.009553681,0.079782605,0.01316102
0.034538783,0.024967501,0.03686659,0.10603004,0.008769321,0.039333045,0.021291738,0.025005965,0.034905206,0.010438559,0.07984063,0.014432211
0.035776503,0.025816323,0.037905708,0.09042365,0.008976596,0.0395337,0.021324746,0.024869494,0.036155924,0.011698647,0.0778702,0.014758447
0.036362644,0.026030367,0.038178604,0.077657774,0.009019098,0.036577415,0.021403788,0.025075674,0.035741176,0.012902285,0.075780794,0.014877249
0.0366627,0.026456473,0.03796495,0.07196067,0.009120572,0.033444088,0.021472063,0.025073593,0.034945272,0.013782442,0.07362292,0.015134751
0.037120376,0.027053745,0.037358765,0.06921886,0.009337637,0.031891625,0.021357886,0.02453968,0.035164345,0.014220232,0.07070101,0.015225841
0.037131287,0.027598375,0.03657681,0.06725224,0.009765866,0.032046925,0.021296527,0.024117945,0.036617108,0.01426795,0.06854265,0.015223017
0.037037797,0.028246164,0.03618992,0.06638618,0.010428151,0.03345013,0.021503394,0.024391798,0.038661975,0.014332307,0.067967504,0.015423785
0.037544407,0.029201725,0.03659876,0.06723248,0.011281178,0.035532106,0.021864312,0.025278175,0.040656492,0.014684208,0.067933895,0.015750544
0.03832074,0.030253517,0.037516497,0.06878328,0.012163763,0.037450984,0.022224009,0.026378458,0.04210684,0.015219743,0.067461655,0.015996585
0.03905841,0.031158315,0.038486887,0.06976588,0.012954079,0.03849752,0.02255941,0.027465584,0.04267798,0.015895447,0.066154584,0.016180722
0.03967306,0.031849746,0.03915106,0.06987854,0.01359595,0.038416047,0.022871232,0.028365027,0.04251993,0.016626108,0.064325176,0.01639309
0.040087882,0.03235975,0.039427437,0.0694028,0.014082715,0.037595123,0.023114322,0.028878309,0.042136278,0.017265894,0.062390417,0.016669456
0.04032564,0.032709315,0.039410304,0.06865676,0.014460547,0.036696494,0.023268005,0.029010274,0.041985948,0.017736997,0.060488842,0.016992468
0.040421966,0.032914627,0.03923961,0.0678658,0.014789756,0.036087036,0.023359751,0.028940883,0.04228286,0.018041687,0.058706123,0.017342495
0.040484447,0.03308939,0.039065175,0.06722748,0.01514516,0.035826802,0.023469267,0.028878408,0.042970777,0.018279795,0.05710384,0.01775287
0.04063501,0.033371177,0.038983777,0.066889785,0.015585563,0.035813622,0.02364236,0.02891283,0.04386729,0.018555233,0.055630386,0.01824466
0.040926203,0.03379046,0.038990926,0.066762574,0.016116804,0.035876103,0.023871,0.0290167,0.04474839,0.018906416,0.054154918,0.018794822
0.04129538,0.034294367,0.039007653,0.06657073,0.016714709,0.03584007,0.024129918,0.029117558,0.04541475,0.019320976,0.05257916,0.019373113
0.041676845,0.0348009,0.038947288,0.06611823,0.017331796,0.03557527,0.02440211,0.029155979,0.045783654,0.019762266,0.050955378,0.019969935
0.042053405,0.03525782,0.03876734,0.06538953,0.01793877,0.035088345,0.024682721,0.02909164,0.045918692,0.02020165,0.04936748,0.020592276
0.04243729,0.035635706,0.0384669,0.06447317,0.018523283,0.034484167,0.024968818,0.028928315,0.04596644,0.020614173,0.047876146,0.021259397
0.042873442,0.03592935,0.038066115,0.06349107,0.019098168,0.033902314,0.02527467,0.028703991,0.046037983,0.02099622,0.046517644,0.021985883
0.043396976,0.036152434,0.037610013,0.06252754,0.019685913,0.033426225,0.025613502,0.028467491,0.04616579,0.02135935,0.04529518,0.022785254
0.044015773,0.036340896,0.03714408,0.061646838,0.020301528,0.033073545,0.025992218,0.028250216,0.04631576,0.021721229,0.04421925,0.023647422
0.044701096,0.03652107,0.036709104,0.06086334,0.020933507,0.032806095,0.02638571,0.028062455,0.04642839,0.022089323,0.04328367,0.024531798
0.04539204,0.03671256,0.036331527,0.060157638,0.021541836,0.032573048,0.026755324,0.027889945,0.04647592,0.022453517,0.042480346,0.025371967
0.04603271,0.03691641,0.036020316,0.05948618,0.022088375,0.032326773,0.027070675,0.02771923,0.046444163,0.022803506,0.041799415,0.026122048
0.04657692,0.03710445,0.035761904,0.058820415,0.022535307,0.032050848,0.027316695,0.027540032,0.046358615,0.023119925,0.04122899,0.026753087
0.047017064,0.03727644,0.03554417,0.058164515,0.022875058,0.03175793,0.027498895,0.027356835,0.046248563,0.023398578,0.040758908,0.02726767
0.047384627,0.037436523,0.03536331,0.057538167,0.023121256,0.031477697,0.027633123,0.027170764,0.046157815,0.02363722,0.040378425,0.027687253
0.047695257,0.037589274,0.035206974,0.05697445,0.023293134,0.03123492,0.027735606,0.026994416,0.04610326,0.023840966,0.040078983,0.028032837
0.04797011,0.037749447,0.035076343,0.05647653,0.023417475,0.031051004,0.027817518,0.026831666,0.046093646,0.024013909,0.039844245,0.028319417
0.089137144,0.013966679,0.017365824,0.057787836,0.01807996,0.027563073,0.013734127,0.029629443,0.039078712,0.020110568,0.021139558,0.009070316
0.07717849,0.017371865,0.02580904,0.045664523,0.019988205,0.028713314,0.015972937,0.030976446,0.030901026,0.027019985,0.025350444,0.011106233
0.07481094,0.017146083,0.026554322,0.043948483,0.019995244,0.027038226,0.014267206,0.03224442,0.032594353,0.027058171,0.029899921,0.0104465755
0.078210376,0.01844946,0.026133107,0.047151797,0.021484911,0.027064888,0.0127499355,0.030846313,0.032514367,0.028135143,0.033103835,0.009858436
0.08008627,0.01920567,0.026399143,0.04584953,0.022285687,0.028555183,0.012771808,0.029698564,0.030024713,0.029029083,0.03363919,0.009685416
0.08225085,0.0188422,0.026322972,0.043723516,0.02297228,0.028505778,0.012824281,0.029653251,0.027634947,0.030005082,0.03369842,0.00975639
0.084736586,0.01850464,0.026521152,0.041623197,0.023637516,0.028982617,0.012606286,0.029836293,0.02576703,0.029848795,0.0334551,0.009896648
0.08390867,0.018435048,0.026982903,0.039822727,0.02423745,0.029615851,0.012676194,0.029975696,0.024484193,0.029771475,0.033404958,0.010116683
0.08097645,0.01817574,0.027341405,0.03818018,0.024697576,0.02984929,0.01285462,0.030232074,0.023517724,0.02935999,0.033121552,0.010271219
0.07866198,0.01796038,0.02769768,0.03663379,0.02503763,0.03011683,0.012927962,0.030314157,0.02274566,0.028726839,0.032718323,0.010398467
0.07690415,0.017827177,0.028054764,0.035337877,0.025268959,0.03043419,0.013003636,0.030225318,0.022210449,0.028069682,0.032372717,0.0105085885
0.07567288,0.017666958,0.028288413,0.03433183,0.025472067,0.030675353,0.013092682,0.030073466,0.021795003,0.027468577,0.03199194,0.010599163
0.07506447,0.017558597,0.02842175,0.03360566,0.02571961,0.030855441,0.013156321,0.029794948,0.021458743,0.026916863,0.03161344,0.010675824
0.074796416,0.0175634,0.028502721,0.033175096,0.026054695,0.030974528,0.013202517,0.029353926,0.021243384,0.026362462,0.031328663,0.010739741
0.07471961,0.017644381,0.028550934,0.033008747,0.026461836,0.031001495,0.013231466,0.02883331,0.02115194,0.025837775,0.031156918,0.010794873
0.07472606,0.017734272,0.02861402,0.032974876,0.02682294,0.03100768,0.013244672,0.028384272,0.02114163,0.025426533,0.031032804,0.0108526135
0.07476255,0.017794844,0.028729955,0.03295093,0.027043128,0.031095622,0.013253313,0.028092384,0.021157868,0.025178747,0.030894708,0.010917445
0.0748675,0.017804982,0.028898098,0.03291452,0.027144495,0.031254966,0.013276642,0.027939899,0.021169532,0.025039813,0.030715797,0.010989336
0.07506889,0.01778652,0.029095901,0.03284834,0.02719321,0.031457793,0.013313304,0.027865026,0.021133786,0.024955302,0.03049205,0.011060867
0.075264014,0.01774287,0.02931025,0.0327693,0.027219048,0.03165561,0.013361369,0.02784115,0.021060102,0.024877101,0.030247781,0.011131919
0.07543754,0.017686723,0.029536536,0.0326874,0.027228948,0.031836793,0.013413342,0.027840557,0.020959958,0.024803448,0.029998275,0.011199898
0.07558957,0.01761914,0.029760085,0.032597397,0.02723235,0.03199643,0.013465734,0.027862074,0.020842306,0.024724016,0.02974895,0.011264603
0.07571026,0.01753908,0.02997795,0.032503773,0.027224356,0.03213884,0.013509908,0.027886268,0.020711213,0.024632245,0.029493734,0.01132038
0.07582948,0.017452024,0.03018706,0.032421257,0.027204681,0.032267716,0.013552806,0.027918596,0.020588253,0.024540799,0.029258544,0.011370973
0.07597551,0.017365541,0.03038477,0.03234136,0.027183233,0.032385197,0.013590246,0.027950065,0.02046265,0.02444978,0.02902781,0.011418823
0.07611391,0.017277572,0.03057162,0.032272276,0.027152676,0.0324915,0.01362859,0.02798299,0.020345053,0.02435821,0.02880777,0.011465509
0.07624631,0.017192494,0.030753436,0.032204382,0.027116736,0.03258541,0.013658492,0.028012818,0.020230943,0.024267588,0.028603552,0.0115087135
0.076382264,0.017102536,0.030920709,0.032146916,0.027082656,0.03267834,0.013689807,0.028037904,0.020120626,0.024184408,0.028406322,0.011549524
0.07648791,0.017015018,0.031072617,0.032085486,0.027044449,0.03275991,0.013717435,0.028057884,0.020018984,0.024098968,0.028220966,0.01158774
0.0766317,0.016921591,0.03120506,0.03203857,0.027000193,0.0328374,0.013738714,0.028083343,0.019926088,0.024018206,0.028042186,0.011621579
0.076738104,0.016821776,0.031319186,0.03199218,0.026953863,0.032910787,0.013756779,0.028100992,0.019836461,0.023937346,0.027860297,0.011650319
0.07683619,0.016722877,0.0314297,0.031952906,0.026907334,0.03297541,0.013775275,0.028120799,0.019752,0.023866536,0.02769433,0.011679582
0.07695682,0.016626008,0.031529643,0.03191594,0.026859691,0.033039812,0.013788893,0.028136827,0.019677008,0.023796417,0.027537862,0.011706767
0.077053346,0.016524248,0.03161875,0.031879675,0.02681019,0.033096284,0.013800847,0.028148714,0.019600682,0.023729572,0.027382279,0.011730628
0.07716055,0.016424024,0.03169763,0.03184793,0.026759444,0.03314734,0.013810748,0.028166266,0.019534247,0.023662698,0.0272393,0.01175336
0.07724737,0.01632931,0.03177125,0.03181634,0.02670816,0.033196047,0.013819395,0.028172316,0.019469082,0.023602761,0.027099315,0.011774031
0.07733608,0.016234051,0.031837642,0.03178499,0.026653836,0.033238083,0.01382247,0.028179718,0.019406449,0.023541372,0.026961936,0.01179177
0.07741777,0.016144706,0.03190069,0.03176437,0.026603257,0.03328308,0.013824659,0.028190624,0.019351067,0.023480581,0.026839038,0.011806921
0.0775002,0.016056176,0.031954948,0.031745914,0.026552206,0.03332409,0.013826909,0.028197348,0.019298801,0.023428133,0.026720075,0.01182115
0.07757933,0.015963757,0.032007582,0.03172016,0.026498351,0.03336168,0.013824778,0.028205791,0.019248845,0.023371194,0.026602212,0.011833004
0.07764379,0.015872674,0.03206041,0.03169379,0.026446104,0.033393025,0.01382191,0.028211342,0.019198086,0.023319375,0.026494076,0.011843999
0.07770899,0.015779622,0.032113183,0.031664994,0.026400309,0.033426628,0.013825141,0.028218143,0.019149797,0.023280896,0.026389968,0.011857657
0.07779162,0.0156915,0.032161858,0.031636473,0.026350545,0.03345143,0.013821208,0.028220898,0.019106517,0.02323378,0.026290083,0.011870811
0.07784934,0.015607299,0.032207765,0.031610787,0.026294243,0.033471435,0.013813112,0.02822213,0.019061876,0.023189967,0.026193608,0.011880199
0.07789002,0.015527495,0.03224822,0.031589724,0.02623903,0.033488445,0.013804769,0.028224124,0.019025275,0.023144191,0.026100744,0.011887769
0.077946186,0.015454103,0.03228257,0.03157082,0.026185056,0.033500686,0.013794475,0.028222589,0.018988088,0.023101723,0.026011895,0.011893188
0.078008205,0.015370132,0.032320894,0.03154527,0.026134238,0.033523176,0.0137824025,0.028223459,0.018950082,0.023061037,0.025926374,0.011897923
0.0780593,0.015298113,0.032351088,0.031531,0.026080437,0.03353211,0.01377028,0.02822376,0.018919546,0.023014883,0.02584592,0.01190279
0.07809623,0.015237578,0.032387283,0.031508338,0.026041195,0.033547197,0.013771705,0.028218307,0.018898705,0.022977585,0.025774868,0.011916543
0.07814165,0.015167581,0.032417726,0.031489033,0.02598922,0.033555638,0.013760441,0.02821547,0.018867254,0.022940213,0.0257013,0.011920048
0.07816991,0.015101941,0.032449797,0.03147052,0.02594145,0.033561964,0.013748571,0.028211467,0.018839862,0.022905935,0.025634106,0.01192308
0.07821924,0.015038969,0.032485086,0.03145409,0.025894156,0.033567756,0.013734703,0.028209379,0.018812122,0.022875182,0.025571827,0.011926715
0.07824722,0.0149777755,0.03251476,0.0314369,0.025847182,0.033562984,0.01372032,0.028206358,0.018788083,0.02284137,0.025511144,0.011927469
0.07827464,0.014917101,0.032541633,0.031420622,0.025803193,0.033569314,0.0137065565,0.02820312,0.018759545,0.022812232,0.025447894,0.011929587
0.07829188,0.014857961,0.032567706,0.031405423,0.025755394,0.033572275,0.0136917755,0.028197639,0.018735465,0.02278027,0.025388978,0.011929064
0.07829375,0.014801447,0.03259431,0.031386867,0.025711855,0.033570334,0.0136763565,0.028196223,0.018715177,0.022745864,0.025334273,0.0119266305
0.07831023,0.014746373,0.032619864,0.03136854,0.025665633,0.033566773,0.013657901,0.02819252,0.018692257,0.022720123,0.02528274,0.0119255865
0.07832486,0.014694504,0.032644585,0.031353027,0.025620507,0.033560783,0.013639895,0.028185485,0.018671254,0.02269195,0.025232002,0.011923001
0.07834316,0.014643854,0.032670535,0.031341378,0.025578426,0.033555783,0.013622232,0.028184844,0.018653547,0.022666795,0.025188798,0.01192176
0.07835198,0.014595383,0.032694984,0.03132762,0.025540369,0.033554237,0.01360815,0.028182277,0.018634045,0.022642065,0.025140809,0.011919502
0.07834391,0.014545369,0.03271754,0.03131257,0.025499422,0.033545613,0.013588258,0.028182808,0.018615903,0.02261472,0.025096321,0.01191592
0.07834119,0.014498924,0.03274053,0.031299286,0.02546098,0.033535033,0.013569315,0.028182376,0.018596644,0.022590997,0.025053157,0.011911615
0.07834336,0.014453855,0.03276749,0.03128284,0.025421314,0.033522155,0.0135496585,0.028182078,0.018579194,0.022566777,0.025014931,0.01190822
0.07833483,0.014408781,0.03278769,0.031269733,0.025382534,0.033510808,0.013529132,0.028184257,0.018561626,0.022542424,0.02497715,0.011903548
0.07830929,0.014363833,0.03280965,0.031256173,0.02535012,0.03350075,0.01350905,0.02819084,0.018543305,0.022521092,0.024936466,0.011899431
0.078274205,0.014321938,0.032833513,0.031240117,0.025312966,0.033484116,0.013485316,0.028197711,0.01852575,0.022498103,0.024901304,0.011894262
0.07824796,0.014280847,0.032856572,0.031221848,0.02527992,0.03346813,0.013461301,0.028209176,0.018507833,0.022476196,0.02486916,0.0118891755
0.07821341,0.014236726,0.032879174,0.031198708,0.02524831,0.033448163,0.013434384,0.028229795,0.018488111,0.022454174,0.02483671,0.011882943
0.07816113,0.014189811,0.032902252,0.03117438,0.02521706,0.03342708,0.013409298,0.028258318,0.018467024,0.022434434,0.02480695,0.011878269
0.078100406,0.014145536,0.032926884,0.031148536,0.02518834,0.033408474,0.013382677,0.028298626,0.018447144,0.02241382,0.024781378,0.011871805
0.078030355,0.014098395,0.03295023,0.031123215,0.025162498,0.0333777,0.0133525655,0.028348412,0.01842358,0.022394393,0.02475694,0.01186419
0.07795337,0.014051256,0.03297573,0.031091027,0.025132963,0.03335147,0.013316919,0.028411733,0.018395655,0.022369165,0.02473183,0.011856008
0.0778547,0.014002593,0.03300655,0.031057721,0.025110787,0.033321325,0.013280846,0.028500115,0.018364236,0.0223477,0.024717195,0.0118468
0.0777363,0.013949406,0.033031777,0.031016763,0.025084948,0.03328431,0.013236822,0.0286106,0.018325558,0.022318423,0.024699872,0.011834537
0.077589974,0.013892714,0.033059467,0.030972732,0.025061846,0.033240072,0.013188286,0.028760469,0.018282076,0.022286622,0.024690857,0.01182027
0.07740167,0.013831955,0.03308613,0.030927468,0.025038391,0.033199295,0.013134232,0.028961094,0.01823015,0.02224969,0.024686385,0.0118015595
0.0771602,0.013765828,0.033115562,0.030870898,0.02501936,0.03314676,0.013068385,0.029229049,0.018165367,0.022204261,0.024688404,0.011777494
0.07687151,0.013688467,0.033139855,0.030803083,0.024997339,0.03308401,0.01299073,0.029592844,0.018081052,0.022148827,0.024699206,0.01174666
0.07647763,0.013604279,0.033161372,0.030734293,0.02497564,0.03300731,0.012898581,0.030079225,0.017982649,0.022074793,0.024722714,0.011702453
0.0760028,0.013504964,0.03318864,0.030654984,0.02496044,0.032912135,0.012786185,0.03069778,0.017860051,0.021989815,0.024758277,0.011651435
0.07541759,0.013396737,0.033223927,0.030573646,0.02494592,0.03280318,0.012654406,0.03144492,0.017725652,0.021900319,0.024810035,0.011586299
0.07458268,0.013269573,0.0332733,0.030515967,0.024916437,0.03264734,0.012482239,0.03245997,0.017566174,0.021774387,0.024890563,0.011484279
0.07378611,0.013099319,0.033329908,0.030436411,0.024948552,0.032530937,0.01234458,0.03368347,0.017396634,0.02168648,0.024979165,0.0113927685
0.07307536,0.012947666,0.033409543,0.03030399,0.025071448,0.03248131,0.012192835,0.034689702,0.017227504,0.02166192,0.025033638,0.011326065
0.072310545,0.012796782,0.0334891,0.030194642,0.025321389,0.032517783,0.012054098,0.035674956,0.017056227,0.021705518,0.02506452,0.011258714
0.07132807,0.0126408,0.03351193,0.030164314,0.02580684,0.0327134,0.011955689,0.036781907,0.016866138,0.021859014,0.025057431,0.0111713605
0.070064195,0.012494782,0.033446968,0.030276654,0.026700055,0.033193033,0.011904479,0.037930377,0.016653378,0.022205785,0.024976633,0.0110476995
0.068621784,0.012358552,0.033324033,0.030468518,0.027863797,0.033847302,0.011882847,0.039054707,0.01644631,0.022668537,0.024852946,0.010897269
0.06738168,0.012234337,0.033219963,0.030613199,0.028741227,0.034316022,0.011828349,0.040115453,0.016271766,0.02298585,0.024765069,0.010756178
0.06556221,0.012050668,0.03314317,0.030793477,0.030711425,0.035447802,0.011791343,0.0404936,0.016120065,0.023907071,0.024482122,0.010579605
0.0647572,0.01200148,0.033022508,0.030932087,0.03143249,0.035903912,0.011797239,0.04097082,0.016032984,0.0241749,0.024381576,0.010482699
0.06441972,0.011963617,0.032947283,0.03094077,0.031721003,0.036049362,0.011781911,0.041351043,0.015981685,0.02424993,0.024336403,0.010436431
0.06422136,0.011931639,0.03290606,0.030900024,0.03185766,0.036100898,0.011761454,0.04162155,0.015941527,0.024277955,0.024304213,0.010415365
0.0640919,0.011907087,0.03286765,0.030853515,0.03194607,0.03614147,0.011747744,0.041824766,0.015911028,0.02428505,0.02427965,0.010404857
0.06399815,0.011880374,0.032825243,0.030806964,0.03200423,0.03616641,0.011734715,0.041991517,0.01588605,0.024283338,0.024251977,0.010397642
0.06391376,0.011856137,0.032786135,0.030766042,0.032053545,0.03618018,0.011728892,0.042140648,0.01586327,0.024281288,0.02422488,0.010392933
0.06383708,0.011831649,0.032751963,0.030721538,0.03209898,0.03620047,0.011722013,0.04227999,0.015840877,0.024276424,0.024198381,0.010389501
0.06377225,0.011806048,0.032716405,0.03068116,0.03214208,0.03621444,0.011716076,0.0424196,0.015817322,0.024272285,0.02417107,0.0103869075
0.0637205,0.011781746,0.032691907,0.030649276,0.032179404,0.03622846,0.011710579,0.04256711,0.015798843,0.02426835,0.024152935,0.010385094
0.06366201,0.011758107,0.03266999,0.030617317,0.03221586,0.03624249,0.011703385,0.04269839,0.015778221,0.024263201,0.024129702,0.010382615
0.06360697,0.011735345,0.03264153,0.030592017,0.032247182,0.036258493,0.011699067,0.042837474,0.015761517,0.024254702,0.0241084,0.01037854
0.063556686,0.0117145525,0.03262266,0.030565212,0.032277666,0.0362745,0.011693251,0.04295984,0.015744122,0.024253178,0.024088468,0.010376717
0.0635022,0.011695308,0.032602847,0.030538911,0.032305032,0.0362909,0.011685941,0.04308028,0.01572898,0.024245236,0.024070289,0.010372629
0.06346131,0.011673018,0.032586172,0.030515954,0.032332264,0.036307957,0.011679533,0.043203317,0.015713455,0.024241796,0.024051959,0.010370007
0.06342494,0.0116538955,0.032570794,0.030493561,0.032360338,0.036321945,0.011674724,0.043321263,0.015698064,0.024239698,0.024036419,0.010369708
0.06337355,0.011633416,0.032556124,0.030468404,0.03238623,0.03634062,0.011669894,0.043437146,0.01568357,0.02423309,0.024015972,0.010366416
0.06333865,0.011616236,0.032540474,0.03044969,0.0324094,0.036352094,0.011665489,0.043537848,0.015670225,0.024236586,0.024001304,0.010365613
0.063317105,0.01159823,0.032530595,0.030428257,0.032429047,0.03636618,0.0116592515,0.04364146,0.015658945,0.024232492,0.023988241,0.010363618
0.06329379,0.011579141,0.032519326,0.030411683,0.032445688,0.036384422,0.011651825,0.043730922,0.015647534,0.02423002,0.023971004,0.01036152
0.063265584,0.01155967,0.032503165,0.030390607,0.032453988,0.036392648,0.011641265,0.043811675,0.015635949,0.024222394,0.023953065,0.010358127
0.06325982,0.011541317,0.032493677,0.030368723,0.032461446,0.03640495,0.011634568,0.043882865,0.01562487,0.024220116,0.023934487,0.01035843
0.0632576,0.011520887,0.0324884,0.030345233,0.03247086,0.03641497,0.011628559,0.043964583,0.015612333,0.02421456,0.023917016,0.0103587825
0.06324213,0.011498211,0.03248144,0.030322386,0.032487854,0.036424767,0.011622483,0.04405901,0.015600144,0.02421059,0.023899822,0.0103591345
0.063225,0.011477547,0.032476354,0.030301118,0.032504477,0.036446556,0.011620456,0.04414686,0.015589048,0.024212454,0.023880381,0.010360366
0.0632094,0.01145638,0.032472447,0.030278854,0.032526914,0.036462143,0.011615863,0.04423338,0.015577328,0.024212077,0.02386273,0.0103612505
0.06320511,0.011437419,0.032467708,0.030258825,0.032548983,0.036481056,0.011612885,0.04432156,0.015566716,0.024214234,0.023845349,0.010362409
0.06726103,0.017886426,0.042839058,0.033548433,0.033239063,0.043554094,0.016856344,0.04736783,0.019329334,0.028010527,0.027577315,0.01744332
0.059711255,0.0152028715,0.040762227,0.039127983,0.035927773,0.04686749,0.017216891,0.04371731,0.019510366,0.025686579,0.027865877,0.017490495
0.059222806,0.017184205,0.0397012,0.040305533,0.03992182,0.048927426,0.020452214,0.048180114,0.021773126,0.026855819,0.029293338,0.017733276
0.053177703,0.018240448,0.04132504,0.03886708,0.038860604,0.050041508,0.020981526,0.047242686,0.02526838,0.028488008,0.030793281,0.018196302
0.05674732,0.018611962,0.039265722,0.040039595,0.038540844,0.049313206,0.020010518,0.04679161,0.028079713,0.030782226,0.032023158,0.018760646
0.058071826,0.019381022,0.03615401,0.04208076,0.03839052,0.04839164,0.019475425,0.049711928,0.0302533,0.03237707,0.033882756,0.01893229
0.059631843,0.021497492,0.035898548,0.04311035,0.038878355,0.04782695,0.018978521,0.050196424,0.03309552,0.034294777,0.036499113,0.020646863
0.061680816,0.024236266,0.03608297,0.044812284,0.040584095,0.04719445,0.018788958,0.048239127,0.034888897,0.034747306,0.03857216,0.022978533
0.059887078,0.026852548,0.03665948,0.045222644,0.0416269,0.045309607,0.019223869,0.044751957,0.034887068,0.033993363,0.040108953,0.02461256
0.055816326,0.028963285,0.03723283,0.044423476,0.041531842,0.04258375,0.020049924,0.041114476,0.034518342,0.032820772,0.041025,0.025721014
0.05234039,0.030402588,0.036968317,0.043682147,0.04026834,0.039766587,0.020714613,0.03855503,0.034370724,0.031553052,0.041700047,0.02615693
0.04987421,0.031426538,0.03615287,0.043195657,0.03853574,0.037473973,0.021016406,0.037354667,0.034529384,0.030474076,0.042454258,0.026073625
0.04786541,0.032178096,0.035178415,0.043025643,0.03701366,0.03594201,0.021167476,0.037192896,0.035086047,0.029728195,0.043292873,0.025887836
0.046509776,0.032919142,0.0343477,0.043418486,0.036028504,0.035128787,0.021306772,0.03743982,0.035908327,0.02936888,0.044100463,0.025813963
0.04578675,0.03381732,0.033849735,0.04435019,0.035597626,0.03477388,0.021483568,0.03762014,0.036835954,0.02920546,0.044838253,0.025858255
0.045301355,0.034807112,0.03362806,0.04536627,0.0354753,0.03456504,0.021674758,0.03746441,0.03773047,0.029052379,0.045412254,0.025941852
0.0447828,0.035717946,0.033517517,0.046040278,0.03541089,0.034300137,0.021847961,0.036981586,0.038438126,0.02883271,0.0457862,0.02601491
0.043915246,0.036265876,0.03323944,0.046162322,0.035260923,0.033849545,0.021938749,0.03654991,0.038936846,0.028394502,0.046102528,0.026134202
0.04272334,0.036350314,0.03264164,0.04585995,0.03498379,0.033167668,0.021925349,0.0364288,0.039306104,0.027754482,0.046475787,0.026279816
0.041795865,0.03638754,0.032043155,0.0455886,0.03453654,0.032382995,0.021962374,0.036330562,0.0396244,0.027270056,0.046769995,0.0262707
0.041087292,0.03646793,0.031552467,0.04546854,0.033912275,0.03171756,0.022022886,0.03626831,0.0400588,0.026986279,0.047007248,0.026187204
0.04054746,0.03657986,0.031144995,0.04553316,0.033342004,0.031239424,0.022086758,0.03627778,0.04059525,0.02682194,0.047231663,0.02610315
0.040186062,0.036746487,0.030818708,0.04577396,0.032921717,0.030935045,0.02216228,0.03629788,0.041166138,0.026731802,0.04744146,0.026030404
0.02012071,0.029650476,0.030845976,0.04117337,0.01113108,0.022296328,0.019257328,0.032533363,0.025756618,0.005609129,0.08902258,0.005956524
0.027877964,0.025980238,0.030756705,0.0419903,0.010007797,0.025855197,0.014842111,0.03397955,0.02822044,0.008781449,0.08697385,0.0063607823
0.031913284,0.02943049,0.037034642,0.04428114,0.009813652,0.028829021,0.018213106,0.034292977,0.030538848,0.009852033,0.09253238,0.0062845424
0.029767185,0.030212624,0.035911333,0.050018407,0.008873145,0.029842867,0.017707039,0.0349489,0.0332396,0.009116704,0.09024366,0.0053961175
0.029116726,0.030527541,0.03735638,0.051786076,0.009309841,0.031474106,0.015838232,0.035852678,0.03360444,0.009415529,0.0789513,0.0049492796
0.028812533,0.030739024,0.038731497,0.05300288,0.0094291475,0.032088168,0.016398977,0.03438017,0.03294241,0.00923163,0.07555484,0.004729352
0.028074676,0.031190569,0.038170632,0.054378547,0.009306877,0.031989858,0.015887057,0.033221807,0.03286945,0.008809843,0.072973475,0.0045070704
0.035774328,0.029882967,0.03942294,0.055371456,0.012289611,0.034368806,0.019531162,0.04519835,0.02923488,0.01118401,0.06309258,0.012241569
0.031614035,0.027138894,0.040717714,0.05465191,0.012008681,0.035005167,0.022455579,0.043566592,0.031377103,0.011331962,0.07780997,0.009965103
0.04863528,0.031854656,0.019987157,0.064593695,0.0064679557,0.03782368,0.015664127,0.019868778,0.056939043,0.0035156587,0.050366618,0.011882283
0.055579126,0.03774144,0.022862272,0.063471764,0.007450805,0.043689184,0.017272666,0.028778404,0.047881603,0.00475171,0.050422914,0.016031343
0.069231994,0.040120233,0.020947834,0.07765325,0.008675219,0.046539623,0.020718515,0.028820528,0.051489007,0.0048253164,0.054976482,0.0174313
0.08269714,0.049986515,0.020921055,0.10008584,0.008337982,0.04647301,0.019403778,0.027175678,0.054943856,0.0045984997,0.055495903,0.01763516
0.082355425,0.057779074,0.020827685,0.11637765,0.008959797,0.044825032,0.018329676,0.025083393,0.06322724,0.0045261364,0.046839423,0.020244129
0.080981925,0.059828203,0.020502416,0.12584071,0.01098282,0.043882936,0.01765339,0.023656497,0.067309275,0.004704209,0.04127915,0.022230828
0.0795969,0.058371693,0.020411389,0.12768145,0.012376684,0.04163271,0.016717074,0.02305086,0.06622627,0.0048794886,0.040935453,0.022440169
0.077963,0.055868912,0.020032046,0.12493816,0.013096651,0.038740866,0.016329601,0.022508828,0.06687874,0.005134552,0.04070486,0.022464303
0.075829566,0.05421262,0.019432968,0.122986704,0.014049438,0.036653955,0.016123619,0.021654056,0.06902783,0.005371783,0.03920527,0.022593476
0.05851786,0.045775197,0.02804695,0.099585444,0.02070119,0.03840215,0.02078506,0.025965799,0.05188106,0.009851452,0.042089235,0.02160628
0.069043644,0.046663817,0.03147561,0.09364801,0.023269221,0.03924316,0.020559743,0.028829891,0.047833376,0.011519594,0.041069027,0.023469016
0.03162981,0.028766977,0.029078133,0.064978406,0.008699426,0.03212431,0.014849167,0.020179817,0.033379376,0.003780785,0.061475758,0.008153275
0.034127787,0.027210362,0.03430698,0.05555883,0.009059698,0.03871405,0.013985671,0.025701335,0.03389777,0.005929346,0.0615419,0.009481892
0.0346692,0.029571231,0.03822869,0.06262868,0.00922706,0.04344736,0.015745128,0.026516648,0.03839599,0.006301659,0.06643898,0.0076018935
0.03270098,0.03149711,0.03898704,0.06952347,0.008590569,0.046532374,0.015305276,0.026658343,0.043532953,0.006195473,0.066329814,0.0056597153
0.033540715,0.032116696,0.043993644,0.06723384,0.008840563,0.049559455,0.015287666,0.0271289,0.044768166,0.0070691085,0.064844504,0.0050478517
0.034825925,0.031358037,0.047106355,0.06400866,0.00896515,0.050285343,0.015517497,0.02638828,0.042734496,0.007748194,0.06639818,0.0046811113
0.03537626,0.030548384,0.047807563,0.06066086,0.008918201,0.048133012,0.015172789,0.02548067,0.040499635,0.0081193615,0.06679574,0.004483512
0.03561255,0.029092327,0.04862173,0.05757814,0.008862839,0.0456853,0.014924209,0.02506472,0.03856272,0.008569549,0.06476959,0.004421765
0.035446573,0.027930878,0.049314324,0.055070266,0.008708201,0.043388218,0.014757552,0.024803864,0.036438785,0.009050169,0.061859213,0.004359357
0.034962427,0.027200164,0.049405053,0.053638365,0.008622703,0.042396802,0.014558116,0.024575481,0.03467837,0.009290791,0.059477597,0.004263499
0.034336783,0.026659269,0.049335945,0.05278705,0.008659788,0.042281974,0.014553909,0.024438929,0.033178363,0.009487989,0.058167532,0.004206045
0.033811104,0.026455708,0.049261983,0.052196037,0.008747845,0.042486563,0.014691791,0.024344916,0.0317967,0.009711947,0.05780899,0.0041912515
0.03346852,0.026516765,0.04924612,0.0517809,0.008849792,0.042888667,0.014836178,0.024217092,0.03068665,0.009909763,0.057854652,0.004204164
0.03327114,0.026620023,0.04932468,0.051392607,0.008952597,0.04335402,0.014978165,0.024019822,0.029808778,0.0100867,0.057986658,0.004228593
0.033171397,0.026761474,0.049399156,0.051033415,0.009048438,0.04373578,0.015141064,0.023760721,0.029081782,0.010233415,0.058194295,0.004256585
0.033133566,0.02693874,0.049416523,0.05071291,0.009130943,0.044018228,0.015300958,0.023443552,0.028479181,0.010329318,0.058421977,0.004283863
0.033128314,0.02713013,0.049384836,0.050444335,0.009203241,0.044250254,0.015463175,0.02311127,0.028002152,0.010389438,0.058601666,0.004313479
0.03314084,0.027322896,0.04930734,0.050232638,0.009268429,0.044488415,0.01563578,0.022767099,0.027622763,0.010426566,0.05874115,0.004343547
0.033154264,0.027549272,0.049158365,0.0500799,0.0093317805,0.044703364,0.015813582,0.022419244,0.027315985,0.010442352,0.058843363,0.0043764133
0.033169676,0.027811456,0.048940163,0.049999844,0.009396086,0.044906393,0.016004378,0.022069499,0.027070846,0.010442721,0.05889535,0.004415292
0.033190187,0.028101075,0.048674054,0.049940784,0.009454697,0.045089178,0.016198639,0.021710748,0.026867555,0.010437193,0.05890891,0.0044611674
0.033194076,0.02842069,0.04833082,0.04992852,0.009510282,0.045244407,0.016405148,0.02135683,0.026692124,0.010424067,0.058893662,0.004514027
0.03319741,0.028765203,0.04794082,0.04994153,0.009562931,0.04536948,0.016611341,0.021002635,0.026535073,0.010407729,0.05883063,0.004573571
0.033187658,0.029141163,0.04750061,0.05000434,0.009614464,0.045460988,0.016830044,0.020650439,0.026390854,0.010389809,0.058748756,0.004642551
0.033158604,0.029525256,0.04701616,0.050097995,0.0096589755,0.045510706,0.01705084,0.020306982,0.026254209,0.010367389,0.058645032,0.0047164126
0.033104938,0.02991895,0.046494156,0.050240908,0.009701443,0.045525674,0.017275857,0.019972011,0.026126252,0.010343263,0.058509532,0.0047956333
0.033028547,0.030325904,0.045941792,0.050463255,0.00974172,0.045499045,0.017514307,0.019660715,0.02600901,0.010316779,0.058366437,0.0048811743
0.03291891,0.030710194,0.04539295,0.05071954,0.0097792195,0.045435168,0.017758418,0.019363968,0.025893027,0.010289044,0.058213,0.004968321
0.03281324,0.019920971,0.027165696,0.045168854,0.005389859,0.043189384,0.018614497,0.014911,0.040539376,0.0022082366,0.046107277,0.015064617
0.03461996,0.02982168,0.033836387,0.041596558,0.004891963,0.04020365,0.01676409,0.017757487,0.030538179,0.003107343,0.052188244,0.015937764
0.03806937,0.023790233,0.04305775,0.0378421,0.005686683,0.038723007,0.019436331,0.021068605,0.03478077,0.0030727875,0.05548478,0.017755525
0.042550545,0.02295777,0.04610163,0.0405664,0.0052905227,0.03923491,0.016139299,0.024245718,0.033685535,0.0031471397,0.06426074,0.019520339
0.042263545,0.022858772,0.05117717,0.039873127,0.005615372,0.04397194,0.016117105,0.026489705,0.03631483,0.0033442113,0.06372789,0.019135408
0.040956613,0.022071108,0.058026563,0.038288865,0.006155384,0.047923777,0.016669292,0.028136581,0.036630675,0.0035424025,0.06341041,0.019554272
0.039969366,0.021774279,0.06286563,0.03679183,0.0066461065,0.05104,0.016460918,0.028570376,0.03578925,0.0035971745,0.06495478,0.0195956
0.039014794,0.021395056,0.0676275,0.035254005,0.007061,0.053955805,0.016496265,0.028599763,0.035064436,0.0036513521,0.065863796,0.019384556
0.038070742,0.020999918,0.07254422,0.0343537,0.0073917997,0.055909634,0.01670375,0.028449861,0.03433488,0.0037260726,0.06598226,0.019629018
0.037094,0.020654889,0.076077156,0.034011777,0.007636138,0.057134066,0.016777543,0.02806745,0.033772916,0.0037544058,0.065764956,0.020013446
0.03617991,0.020369548,0.07859651,0.03392882,0.007816022,0.057924125,0.016833048,0.027754817,0.033406064,0.0037601427,0.06538352,0.020366922
0.035353266,0.020143893,0.0806051,0.033971783,0.007943911,0.058325484,0.016907463,0.027513424,0.033110477,0.0037630768,0.06497393,0.020775158
0.03457451,0.01994825,0.081956126,0.034089282,0.008048325,0.058655288,0.016955758,0.027244039,0.032830082,0.0037545578,0.06456797,0.021123618
0.03393535,0.019692669,0.082716174,0.034300596,0.008144176,0.05919185,0.01696374,0.026995314,0.032525934,0.0037313055,0.06428943,0.02136828
0.033470187,0.019219022,0.08301723,0.034775905,0.008271305,0.06043216,0.016939098,0.02676073,0.032184646,0.0036851787,0.06431192,0.02158067
0.033150826,0.018515928,0.08302243,0.035609733,0.008435634,0.06247949,0.016936606,0.026482813,0.031763144,0.0036222532,0.06482299,0.021874294
0.03297195,0.017949255,0.083087586,0.036373474,0.008575008,0.0641823,0.017038943,0.026202284,0.031351186,0.0036021376,0.065602675,0.022203844
0.03292337,0.017589938,0.083072186,0.036814526,0.0086662015,0.06520551,0.017141527,0.025960177,0.031081347,0.0036157575,0.066108175,0.02241767
0.032926355,0.017357698,0.08279428,0.03708674,0.008732645,0.065862566,0.017179236,0.025782596,0.030891161,0.003630751,0.0662894,0.022467345
0.03296952,0.017222904,0.08234814,0.0373075,0.00879186,0.066272646,0.017186413,0.025664499,0.03070108,0.0036418096,0.066386834,0.022421291
0.033024527,0.01714086,0.08190971,0.037483543,0.008828095,0.06644593,0.017181218,0.025576893,0.030524034,0.0036503216,0.06650772,0.02235228
0.033090364,0.017092558,0.08145628,0.037637953,0.008853918,0.06653454,0.017168798,0.025519,0.030363921,0.0036572078,0.06664539,0.022286728
0.03802399,0.027924491,0.059064575,0.043929856,0.011353474,0.05236137,0.017353047,0.030219328,0.02020301,0.0054086307,0.06903751,0.035825245
0.03800615,0.024968673,0.04928489,0.04277583,0.010185866,0.069968395,0.016308198,0.027774602,0.021824265,0.0048390836,0.070586026,0.024469392
0.03888249,0.025080174,0.04123931,0.044091094,0.009088619,0.080445185,0.016438907,0.03010271,0.026888745,0.004738406,0.06460456,0.021676742
0.044939056,0.026863765,0.039149456,0.047322664,0.009939595,0.08181164,0.017477348,0.030159997,0.025317317,0.0061577,0.056861155,0.028734947
0.0456115,0.027601141,0.03729457,0.049949292,0.0105767,0.08525723,0.017966127,0.029881611,0.02909363,0.0063339802,0.05963752,0.027081812
0.045640733,0.030741148,0.035940316,0.054497294,0.010990524,0.083618656,0.0189617,0.031300917,0.036658738,0.0065532913,0.056387216,0.02747663
0.046929456,0.033641033,0.033939656,0.058744233,0.0119651165,0.07719504,0.019548783,0.030353598,0.041534886,0.0071801273,0.04956169,0.029382046
0.047899842,0.035237268,0.031497207,0.061441552,0.012783296,0.07128996,0.019205127,0.02897398,0.045242812,0.007278889,0.04618351,0.027565211
0.049180266,0.036492065,0.029193573,0.062338214,0.013023873,0.06570899,0.018864991,0.028118905,0.049456406,0.0072916313,0.044010695,0.026009342
0.050319456,0.037523616,0.027274996,0.06258086,0.013378359,0.06065378,0.018642094,0.026704269,0.053043094,0.007403143,0.042262506,0.025536597
0.023474418,0.015287197,0.02585494,0.049590323,0.012894732,0.04194125,0.007175587,0.040279157,0.028981442,0.005842849,0.03561615,0.019634772
0.031940777,0.015660334,0.03077488,0.053144507,0.016373862,0.044043507,0.0076513104,0.06351042,0.026243472,0.008730219,0.037941035,0.019215446
0.030880356,0.015090543,0.028647408,0.055524115,0.0164455,0.041744962,0.0065183295,0.062081654,0.026520927,0.009779825,0.038217384,0.019419784
0.028076643,0.013700982,0.028699508,0.054567643,0.016934233,0.036998343,0.0056121675,0.06248089,0.023776425,0.010417483,0.03859928,0.01702657
0.028628385,0.013049857,0.02855425,0.056307513,0.018047897,0.038149614,0.005636772,0.06553768,0.023244426,0.0111967195,0.039178725,0.015955647
0.02839556,0.012960756,0.028610975,0.057081737,0.018146602,0.037120897,0.0055676913,0.0645516,0.02350172,0.0118743,0.04107895,0.014823799
0.028220514,0.013401231,0.028463954,0.057045255,0.018500557,0.0349181,0.0054592746,0.06482672,0.022981647,0.012575625,0.04187997,0.014021296
0.028598808,0.013742158,0.028456427,0.056585617,0.018776136,0.033230912,0.0054621026,0.06469071,0.021899767,0.013497939,0.042221993,0.013852147
0.028970078,0.014194601,0.028641263,0.056307226,0.01917376,0.03173247,0.0054723956,0.063742466,0.0212623,0.014409887,0.043639716,0.013950678
0.029651316,0.014779824,0.028913539,0.057080146,0.01954596,0.030782903,0.0054862425,0.06337892,0.020509,0.015273164,0.044655576,0.014478702
0.03071357,0.015443603,0.029258423,0.05754025,0.019763859,0.030072603,0.005572107,0.06273442,0.019430488,0.016217533,0.045238424,0.015421373
0.03169212,0.01604424,0.029575536,0.05669135,0.020043522,0.028886037,0.0055849287,0.062109467,0.018644203,0.016956434,0.046487425,0.016288718
0.032808498,0.016648404,0.030365156,0.05391838,0.020188432,0.0272163,0.0055922316,0.06243785,0.018050399,0.018053694,0.047704894,0.017340196
0.03412705,0.017321218,0.031639118,0.05016423,0.02017901,0.025586044,0.005686249,0.06336638,0.017368836,0.019446671,0.048205666,0.018904254
0.035563197,0.0180613,0.032943506,0.047302675,0.020248324,0.024277192,0.005790224,0.0639209,0.01672,0.020451663,0.048356462,0.020785498
0.03732627,0.018891823,0.034235008,0.045240838,0.020422325,0.023216927,0.005885821,0.064157285,0.016166579,0.021374112,0.048838314,0.022645384
0.039338954,0.019759705,0.03559355,0.043487214,0.020622559,0.022381073,0.006004959,0.06414011,0.015654748,0.022349987,0.049558066,0.02441586
0.04140308,0.020653935,0.03688946,0.042008366,0.020798458,0.021703502,0.0061266473,0.06398632,0.015191075,0.02333897,0.05046309,0.02597459
0.04333611,0.02151085,0.038037345,0.040855046,0.020963456,0.021169126,0.0062287264,0.06379553,0.014794801,0.024280502,0.05136994,0.02725228
0.044997107,0.022266787,0.039074916,0.03996281,0.021117482,0.020770038,0.0063154087,0.06358273,0.014455547,0.025164485,0.052085053,0.028265981
0.04632858,0.022903148,0.03996599,0.03927519,0.021257527,0.020471614,0.006382053,0.06337257,0.014163394,0.025967197,0.052599918,0.029020078
0.03421948,0.017206866,0.020793336,0.07757414,0.006652447,0.020987244,0.0052725556,0.06416778,0.019666845,0.009781765,0.039656613,0.009285705
0.040805057,0.014267199,0.029014483,0.06511202,0.0066331304,0.023185786,0.0066091134,0.059785202,0.02138843,0.011029397,0.044189494,0.011022123
0.03745848,0.014253599,0.02902991,0.07638475,0.0068942006,0.026624503,0.0069748703,0.06787725,0.019130656,0.011734393,0.046172585,0.009046791
0.035358176,0.014844613,0.02792253,0.08259331,0.0065781013,0.029156521,0.008368138,0.078703836,0.02099299,0.0118677,0.04835473,0.0072519938
0.03706486,0.015194891,0.031173646,0.08400149,0.0067186635,0.030940091,0.009736531,0.08979479,0.025514401,0.011926794,0.049678627,0.006902916
0.036161143,0.015253447,0.029772703,0.08777847,0.00687913,0.033451624,0.010577957,0.09953109,0.029238634,0.011495955,0.051713694,0.0068156417
0.03597481,0.015277618,0.028451199,0.09155416,0.006601306,0.035399623,0.010970472,0.104258694,0.03202383,0.0109858075,0.053984992,0.0065752007
0.036129456,0.015157113,0.027727425,0.09398541,0.0064687557,0.036511503,0.011682715,0.10132243,0.033392284,0.010877197,0.05636735,0.006635349
0.03640155,0.015160986,0.026652481,0.09507264,0.006368378,0.0365382,0.012809843,0.09370969,0.033874046,0.010871935,0.059202112,0.0070490283
0.035677247,0.014846776,0.024830868,0.093917236,0.0060679987,0.03514947,0.01362716,0.08659219,0.033687547,0.010491086,0.061094236,0.007574825
0.03421053,0.01418735,0.02266105,0.089661345,0.0055531757,0.032931674,0.013976927,0.08131941,0.033444386,0.009906606,0.06108353,0.0080753295
0.032958157,0.013608016,0.020551957,0.084924124,0.005063055,0.030874563,0.014188784,0.078194425,0.033583075,0.009432195,0.060382433,0.008528901
0.031887222,0.013284546,0.018615054,0.08242779,0.004802805,0.029398931,0.014291938,0.077085994,0.03392968,0.009048309,0.059972905,0.008849408
0.031155797,0.013263636,0.017208511,0.08245943,0.0047603273,0.028663626,0.014481657,0.07715646,0.03457153,0.008796778,0.060099564,0.009094336
0.030953217,0.013472996,0.016392512,0.08380681,0.00482623,0.02862483,0.014907022,0.07780521,0.03554679,0.0087167965,0.06065778,0.009342381
0.030801827,0.013675764,0.015769672,0.08555176,0.004905517,0.028844789,0.01527145,0.078324124,0.036365792,0.008672787,0.06114183,0.009515112
0.03052999,0.013818792,0.015263473,0.08701673,0.0049635144,0.02897382,0.01553534,0.0780498,0.03673552,0.008616375,0.061413467,0.009603922
0.030303584,0.01397957,0.014938214,0.087850586,0.005009065,0.028945379,0.015840508,0.07700863,0.03682266,0.008577445,0.06166868,0.009696706
0.030128742,0.014149733,0.014715161,0.088216245,0.00503548,0.028757857,0.016150312,0.075724594,0.036814194,0.008536711,0.06190989,0.009803728
0.029945347,0.014298504,0.014520266,0.088390015,0.00504365,0.028468074,0.016413467,0.074568555,0.036846012,0.008474045,0.062123332,0.009909725
0.029727453,0.014412853,0.01431979,0.08860068,0.005040708,0.028169425,0.016629718,0.0737518,0.036932636,0.008394933,0.06229896,0.010007262
0.029487103,0.014493345,0.014115836,0.08894818,0.0050340593,0.027936725,0.01680297,0.073372826,0.037099343,0.008308586,0.062466938,0.010087234
0.029239902,0.014543786,0.013908572,0.08953129,0.005030545,0.027805146,0.016959319,0.07337037,0.03732383,0.008224269,0.06264312,0.01014626
0.028992554,0.014576817,0.013705273,0.090275735,0.005030862,0.027761675,0.017108757,0.07358388,0.037551697,0.0081483945,0.06283329,0.010189212
0.0287629,0.0146062365,0.013529475,0.09107638,0.00503581,0.027779939,0.017260345,0.07380694,0.037759162,0.008083546,0.06302811,0.010231509
0.028558344,0.014645744,0.013378693,0.09183712,0.00504238,0.027818982,0.017419642,0.07394037,0.03791452,0.008032359,0.063219406,0.010281851
0.028361833,0.014670869,0.01325113,0.09249395,0.005048357,0.027848745,0.01758222,0.073964335,0.038034383,0.0079886485,0.06338869,0.010337803
0.02818333,0.014696466,0.013144026,0.09302358,0.0050523896,0.027852645,0.017739272,0.073874675,0.038116142,0.007948692,0.06354158,0.010400101
0.028017782,0.014718672,0.013046468,0.09348491,0.0050543984,0.02782695,0.01789132,0.07372458,0.038177676,0.007909802,0.06367834,0.010466612
0.027857132,0.014736566,0.012955147,0.09388604,0.005056658,0.027789226,0.01802556,0.07356339,0.038237702,0.007871332,0.06378959,0.010534472
0.027710067,0.014752984,0.012874166,0.094220705,0.0050578644,0.027737344,0.018146643,0.073424645,0.03831506,0.007832832,0.063890316,0.010600759
0.02757558,0.014771418,0.012797886,0.09454389,0.005058378,0.02770962,0.018259116,0.07330233,0.038358614,0.007797219,0.06399673,0.010663763
0.027456617,0.014797178,0.012727969,0.094858386,0.0050574783,0.027697872,0.018365983,0.07313454,0.03837187,0.007762001,0.06410911,0.010724806
0.027307218,0.014788373,0.012649677,0.095265016,0.0050666523,0.027643979,0.01844933,0.07316058,0.038499944,0.00772828,0.06417524,0.010773865
0.027151398,0.014756298,0.012575792,0.09568587,0.005069398,0.027623007,0.018525213,0.07317647,0.038595084,0.0076894267,0.064251356,0.010804027
0.027030624,0.014738679,0.012521444,0.09602406,0.0050712284,0.027615855,0.018604508,0.073096976,0.03863183,0.0076582874,0.064333,0.010842386
0.026921341,0.014718009,0.012475993,0.09631523,0.0050735003,0.027619166,0.018685654,0.07297167,0.038655233,0.0076305745,0.06440913,0.010881646
0.026819646,0.014697053,0.012436165,0.09656989,0.0050735055,0.027610684,0.018755112,0.07283377,0.038663846,0.0076028644,0.064479165,0.0109162815
0.026732191,0.014678978,0.012406088,0.09677767,0.0050730356,0.027601583,0.018827474,0.072678454,0.038668286,0.007579367,0.064554304,0.010952323
0.026648466,0.014660548,0.012377813,0.09695433,0.0050727394,0.027586013,0.018885495,0.07250884,0.038676016,0.007555678,0.064609826,0.010985663
0.026576973,0.014643556,0.012353589,0.09710204,0.0050717797,0.027567066,0.018940127,0.07233036,0.038674425,0.007532362,0.06465689,0.011019602
0.026513997,0.014623906,0.01233882,0.09722441,0.005068845,0.02755255,0.018990874,0.07216405,0.03866063,0.0075096814,0.06470576,0.011047736
0.026459124,0.014618575,0.012327586,0.09731381,0.0050661257,0.027536027,0.019038562,0.07197955,0.038639847,0.007490075,0.06474602,0.011079551
0.026407901,0.014607952,0.012322327,0.09739452,0.005065104,0.027511805,0.019081417,0.07179867,0.038633976,0.0074699745,0.06477573,0.011108318
0.026363987,0.014591927,0.012315267,0.097473614,0.005061105,0.027487326,0.019115862,0.071631074,0.03862161,0.00744888,0.06479951,0.011126828
0.03741365,0.013763509,0.02109704,0.09751328,0.0103921145,0.035612937,0.017711055,0.06808952,0.03325219,0.013707891,0.0660492,0.016495453
0.03408028,0.015713647,0.026142772,0.09382016,0.009260831,0.029399814,0.01978626,0.07128545,0.03516598,0.014007768,0.056867238,0.017712256
0.029844798,0.016021967,0.026477056,0.10977043,0.008905485,0.027233677,0.019363811,0.07299222,0.03454825,0.013321286,0.06169081,0.01534347
0.029339358,0.018004965,0.027728315,0.10145368,0.010795953,0.028123803,0.020411959,0.06881987,0.036506698,0.013705435,0.06121021,0.016310096
0.029301792,0.01967332,0.027682886,0.098487645,0.012658684,0.029696476,0.020661755,0.07149152,0.04089784,0.013656572,0.065780856,0.017474229
0.030553473,0.021809,0.028104652,0.10521913,0.013925389,0.032400627,0.02036836,0.07440646,0.045861736,0.01411928,0.069394276,0.018446743
0.03210992,0.023754328,0.028968979,0.11429174,0.015068934,0.035773795,0.020583495,0.0725287,0.04877931,0.014887674,0.07009221,0.018576281
0.033651724,0.025195323,0.030583294,0.116377704,0.0155880805,0.037738793,0.021186458,0.06772546,0.048873957,0.01583786,0.06898977,0.018214738
0.034852028,0.02636013,0.03233817,0.11342668,0.015833497,0.03708496,0.02207328,0.061396386,0.047756165,0.016701955,0.06701509,0.018175554
0.03575597,0.027396627,0.033324677,0.10880473,0.015903123,0.03479346,0.02241068,0.056291886,0.046914108,0.017051207,0.06487836,0.01824529
0.03636743,0.028037677,0.033341758,0.10431764,0.015653191,0.032768644,0.021929223,0.05385018,0.046913497,0.016654268,0.06337738,0.017979238
0.03614722,0.028123286,0.032647856,0.09974449,0.01525915,0.031645227,0.021193683,0.05347093,0.04788616,0.01580181,0.06290568,0.017632978
0.035702527,0.028035702,0.03159557,0.09563296,0.014968268,0.03137319,0.020616945,0.05407568,0.049323976,0.015062684,0.06321333,0.01751489
0.035988435,0.028375095,0.030885039,0.09436835,0.014981013,0.031879857,0.020388281,0.05478917,0.050916582,0.014797102,0.06395177,0.017609008
0.03679659,0.029201325,0.030730622,0.09573538,0.015218506,0.032656915,0.020458413,0.054871682,0.052404128,0.014894388,0.06459453,0.017735228
0.03757277,0.030207397,0.03092536,0.096984856,0.015555314,0.033218674,0.020716881,0.053923465,0.05347044,0.015172347,0.06466443,0.017856622
0.038089614,0.03110163,0.031186122,0.09611026,0.015898034,0.03323107,0.021072883,0.052105896,0.054008882,0.015521549,0.06412712,0.018014658
0.03832933,0.031758755,0.031235995,0.093237154,0.016170736,0.032658126,0.021394994,0.049965307,0.054196365,0.01584311,0.06330121,0.018229427
0.038359694,0.032148886,0.030956473,0.08940558,0.016333485,0.031806722,0.021570284,0.048162896,0.05436793,0.016052078,0.06248482,0.018452689
0.038228232,0.032304954,0.030391859,0.08543358,0.016399764,0.031031977,0.021593623,0.04705562,0.054681815,0.016134689,0.061835222,0.018639535
0.0380084,0.032347392,0.029719874,0.08181309,0.016438121,0.030504586,0.02157127,0.046580903,0.05516124,0.016165137,0.06139461,0.01881556
0.03785617,0.032441106,0.029110534,0.07900192,0.016517043,0.030240363,0.02158644,0.04645275,0.055722553,0.016237075,0.061121136,0.019017912
0.03783761,0.032655872,0.0286558,0.07708541,0.016668377,0.030159634,0.02165319,0.04636309,0.05626343,0.016372556,0.060901586,0.019235801
0.037928723,0.032992054,0.0283539,0.07574543,0.016880369,0.030128991,0.021745509,0.04607596,0.05667998,0.016550554,0.06062116,0.019454433
0.038061585,0.033449583,0.028162554,0.074476935,0.017135127,0.030020941,0.021860886,0.045479458,0.056906678,0.016756972,0.06020957,0.019691458
0.038174067,0.033882897,0.028022015,0.073042616,0.017407062,0.029791227,0.021978568,0.044697635,0.056917794,0.016964383,0.059703533,0.019924639
0.038249858,0.034238737,0.027887294,0.07150238,0.01766249,0.029462393,0.022077762,0.04389731,0.05678113,0.017153323,0.059163652,0.020147705
0.038296755,0.03453609,0.02771767,0.06996111,0.017877918,0.02910218,0.022163974,0.043170128,0.056616146,0.017317647,0.05866076,0.020368181
0.038339105,0.034737673,0.027544376,0.06854006,0.018087432,0.028768342,0.022221485,0.042646024,0.05644101,0.017467076,0.058227107,0.020581959
0.038388975,0.034882836,0.027378501,0.06736448,0.018282134,0.028510248,0.022275487,0.042268924,0.05629537,0.017594736,0.05787447,0.020796593
0.038487114,0.035089057,0.027241353,0.06641441,0.018490624,0.02831838,0.02233871,0.041928064,0.056160923,0.017743403,0.057568952,0.021014575
0.03862188,0.035318993,0.02714857,0.065630786,0.018712183,0.028174736,0.022407562,0.04156428,0.056000333,0.017903917,0.057271376,0.021227602
0.03876487,0.035566855,0.02709167,0.06492419,0.018946493,0.028045865,0.022481803,0.041149616,0.05580305,0.018068934,0.05696369,0.02143912
0.038894705,0.035815343,0.027051128,0.06422645,0.019186428,0.027913898,0.022566218,0.040679134,0.055550724,0.018236397,0.056626756,0.021642458
0.039006498,0.036050737,0.027022298,0.063495375,0.01941834,0.027764192,0.02265274,0.040179905,0.055265732,0.018400002,0.056274824,0.021840328
0.042894483,0.03888602,0.02470199,0.029694064,0.0039695897,0.05000948,0.0058774706,0.020115968,0.048938487,0.020623416,0.039447103,0.011949602
0.05052724,0.034010008,0.028821837,0.031581398,0.006371074,0.046976745,0.007294783,0.020326437,0.03527664,0.025934171,0.038747072,0.013429669
0.048157282,0.036190506,0.030756412,0.047809526,0.007417797,0.045204487,0.007738708,0.020603022,0.031277787,0.031569615,0.046245337,0.012800331
0.045763955,0.03817149,0.02839761,0.05284119,0.006999048,0.04474349,0.00707331,0.018834323,0.029048119,0.029536257,0.046385285,0.011878939
0.048967905,0.034419358,0.026415413,0.048511323,0.008036027,0.050485693,0.007283118,0.020248927,0.027390594,0.028709097,0.04537987,0.012255398
0.054717124,0.035324104,0.026633829,0.054205023,0.008438391,0.05545371,0.007986302,0.020055592,0.026077578,0.0317408,0.047926053,0.01254593
0.057874873,0.037546564,0.02627355,0.060763534,0.008677691,0.059029676,0.00824767,0.019813769,0.026527422,0.032725908,0.049494773,0.012443429
0.059401374,0.037613753,0.026041787,0.06282493,0.009026876,0.06139684,0.00830231,0.019550333,0.026858937,0.03311453,0.049156155,0.012428764
0.05935634,0.037225448,0.02638422,0.06297334,0.00915128,0.061715197,0.0084629785,0.019267567,0.02673743,0.034161504,0.049152438,0.012472432
0.059052706,0.03674101,0.026373774,0.06303142,0.00909673,0.061632723,0.00846067,0.018896874,0.026472943,0.034523826,0.04899197,0.012443546
0.058849636,0.03582708,0.026037442,0.062478416,0.00904168,0.06141403,0.008383869,0.018673614,0.026193485,0.03429034,0.048416182,0.0124417525
0.05904127,0.035234332,0.02584472,0.061368037,0.008948786,0.060921032,0.00834588,0.018551223,0.025749737,0.03431478,0.04807983,0.012490587
0.060153276,0.03507738,0.02579606,0.059943922,0.008808956,0.06032545,0.008248477,0.018407304,0.025160065,0.034535445,0.04797841,0.012528327
0.061436035,0.03504816,0.02566751,0.058883935,0.008701967,0.06006872,0.008126031,0.018245837,0.024656642,0.034544647,0.04785172,0.012531058
0.062106635,0.03508921,0.025560083,0.05840913,0.008644583,0.059968103,0.008055926,0.018127337,0.024333091,0.034460355,0.047750916,0.012545872
0.06244548,0.035144623,0.025514092,0.058318935,0.008610266,0.05986288,0.008011527,0.018042706,0.024123328,0.03442954,0.047689434,0.012576224
0.06261805,0.035082802,0.025533903,0.058338385,0.008586629,0.0595598,0.007994708,0.017930398,0.024042659,0.034470692,0.0476894,0.01269457
0.062858455,0.035088815,0.025528789,0.058386065,0.0085489405,0.059271786,0.007969656,0.017868059,0.023932794,0.03451875,0.047667988,0.01276218
0.06314784,0.035136633,0.025510985,0.05851719,0.008502716,0.05899487,0.007945546,0.017797494,0.023838108,0.034594942,0.04765806,0.012821738
0.06349016,0.035193663,0.025490917,0.058659226,0.008450896,0.058718063,0.007919754,0.01772938,0.023752742,0.034697138,0.047664434,0.012884096
0.06383563,0.035268866,0.025479691,0.05880307,0.008396934,0.0584057,0.007892959,0.017667182,0.023686467,0.034818906,0.0476978,0.0129508665
0.06417822,0.03535783,0.025475783,0.058947597,0.008339615,0.058082704,0.007865331,0.017614676,0.023630157,0.034960274,0.047764506,0.013024308
0.06452179,0.035460617,0.025482692,0.059104953,0.008281077,0.057756674,0.007835859,0.017573623,0.02358288,0.03511664,0.04786349,0.01310485
0.06485793,0.035557535,0.02550974,0.059247606,0.008218098,0.057444647,0.0078057777,0.017513372,0.02355205,0.035302043,0.047970675,0.0131901475
0.065206505,0.03566529,0.025537586,0.059381776,0.008155111,0.05714198,0.0077756676,0.01745882,0.023529153,0.035499603,0.04809844,0.013279547
0.06551389,0.03576613,0.02557027,0.05950703,0.00809162,0.056814566,0.0077412794,0.017434837,0.02350409,0.035680447,0.048259348,0.01337284
0.06586496,0.0358943,0.025623288,0.059635364,0.008026051,0.05656065,0.0077078477,0.017356014,0.023499997,0.035899356,0.048385393,0.013458325
0.066206865,0.035997022,0.025679091,0.059777316,0.007959231,0.056327358,0.007677411,0.01725445,0.023517665,0.03612551,0.048514377,0.013546421
0.06649497,0.036088943,0.025732694,0.059888225,0.007895543,0.056097653,0.007644543,0.01719243,0.02352648,0.03633699,0.048663247,0.013638176
0.066764146,0.036170036,0.025790112,0.059996095,0.007835967,0.05587642,0.007612351,0.017146708,0.02353377,0.036548447,0.04882567,0.0137267085
0.06702258,0.036252122,0.025848862,0.06011359,0.0077798665,0.055677813,0.007581215,0.01711373,0.023547031,0.036752548,0.048984494,0.013814054
0.06725167,0.036324494,0.02589975,0.060237814,0.007726262,0.05548704,0.007551511,0.017089002,0.0235549,0.036948893,0.04914377,0.013900006
0.067454845,0.036394827,0.025952497,0.06035577,0.0076776324,0.05532361,0.0075235446,0.017072614,0.02357008,0.037136402,0.04929734,0.013982566
0.06766244,0.036465164,0.02600199,0.06048813,0.0076329326,0.055172674,0.007496942,0.017060576,0.023581233,0.037313875,0.049444374,0.014061889
0.06786598,0.03652525,0.026055709,0.060604546,0.0075931386,0.055045243,0.0074731535,0.01705406,0.023597486,0.037498027,0.04958502,0.014137851
0.06807771,0.036587536,0.026099702,0.060736552,0.007555286,0.054945733,0.007450837,0.01704809,0.02360793,0.037666123,0.049714807,0.014208433
0.06824268,0.036644865,0.026140913,0.06087347,0.007520664,0.054842673,0.007431168,0.017043991,0.023622075,0.037813745,0.04983495,0.014272122
0.06838606,0.036686573,0.026174711,0.061008982,0.0074886894,0.05477614,0.0074130488,0.01704103,0.023633908,0.03795236,0.049934115,0.01433119
0.0685335,0.036728196,0.026208377,0.061119575,0.0074601243,0.05471364,0.0073971795,0.017033776,0.023643877,0.03807297,0.050012436,0.014381659
0.0686573,0.0367554,0.02624143,0.061214007,0.0074353972,0.054681297,0.007382286,0.017028788,0.02365224,0.038191285,0.050079595,0.014428448
0.06873854,0.036779348,0.026267244,0.061308954,0.00741253,0.05463777,0.007369627,0.0170251,0.02366143,0.038286474,0.050139334,0.014470977
0.06883407,0.036787152,0.026293661,0.061395,0.0073906737,0.054626063,0.0073587867,0.017015288,0.023665182,0.038393386,0.05017657,0.014508917
0.06891775,0.03679958,0.026317446,0.061489888,0.0073715975,0.054616235,0.00734928,0.017008828,0.023676885,0.0384832,0.050216842,0.014543991
0.068964176,0.036784645,0.026351534,0.061570015,0.0073546353,0.054605585,0.0073448247,0.016999742,0.023695553,0.03856236,0.05025914,0.014588445
0.068997,0.036755037,0.026387239,0.061635144,0.007339758,0.054608077,0.0073415134,0.016990691,0.023713084,0.038646568,0.050296057,0.014636163
0.06902932,0.036749594,0.026412787,0.061700482,0.007332525,0.05462397,0.0073377155,0.016990302,0.023727145,0.038717076,0.05031159,0.014666239
0.0690462,0.036738787,0.026435891,0.06176268,0.0073270253,0.054631457,0.0073357676,0.016991043,0.023736574,0.03877974,0.050335236,0.014701996
0.06898607,0.036663435,0.026488828,0.061789997,0.007329013,0.05459077,0.0073445123,0.016976131,0.023786925,0.038860522,0.05038994,0.01478449
0.06898992,0.03665717,0.026510183,0.061832104,0.0073271645,0.054603122,0.007341853,0.016987642,0.023787307,0.038908496,0.050395012,0.014810421
0.06900843,0.036664877,0.026510099,0.061925203,0.00732482,0.054656357,0.007338254,0.017002204,0.023780394,0.038946975,0.050387245,0.014819775
0.06904959,0.03668232,0.02650892,0.061998498,0.00732309,0.054717317,0.0073345555,0.017013868,0.023773516,0.038978,0.05037246,0.0148227895
0.06908396,0.036699623,0.026509391,0.062065117,0.007322837,0.05476874,0.007330675,0.017024726,0.023763137,0.039009985,0.050354764,0.014822803
0.069133885,0.03671808,0.026509037,0.06213217,0.007323666,0.05483612,0.007327476,0.017036716,0.023756025,0.039044462,0.050340187,0.014821494
0.06918802,0.03673643,0.026511163,0.06220574,0.0073255626,0.054911375,0.0073243487,0.017045526,0.023750331,0.039076574,0.05031679,0.014817636
0.069226325,0.036761045,0.026506962,0.06229874,0.0073269396,0.054986503,0.0073212287,0.017052932,0.02374109,0.03910697,0.050294977,0.014812883
0.06926036,0.03678635,0.026511941,0.062385347,0.007330963,0.05506272,0.0073190667,0.01705816,0.023734206,0.039136715,0.050268535,0.014807707
0.069293424,0.036804914,0.026512716,0.062457412,0.007336573,0.0551475,0.0073163337,0.017065087,0.02373152,0.039164886,0.050242227,0.0148010785
0.0693372,0.03682525,0.02651352,0.06254258,0.00734381,0.055243965,0.007314814,0.017070975,0.023724312,0.039202668,0.050210033,0.014791966
0.069370605,0.03684754,0.026513295,0.06264334,0.0073514087,0.055350643,0.0073143076,0.017076343,0.023719974,0.03924012,0.050182205,0.014781344
0.069399685,0.03687309,0.026520804,0.062731296,0.0073603257,0.055448644,0.007312799,0.017077953,0.02371271,0.039277695,0.05014602,0.014772834
0.06942679,0.036895413,0.026521776,0.06284417,0.0073693446,0.055555932,0.0073106256,0.01707941,0.023705367,0.03931681,0.05010797,0.014760527
0.06945289,0.036915213,0.026521549,0.062956795,0.0073800636,0.055674624,0.007309968,0.017081747,0.023698732,0.039354164,0.050065786,0.0147453
0.07680839,0.037614536,0.035244998,0.07119343,0.015814874,0.08076157,0.011803611,0.01810448,0.028973512,0.03523944,0.063035384,0.017780498
0.067239724,0.02861723,0.034017175,0.056116104,0.014200655,0.07530447,0.00959476,0.021671139,0.033446804,0.034434274,0.051316805,0.013262707
0.0578236,0.02399069,0.03367565,0.050978918,0.016548302,0.07959902,0.011192186,0.026422288,0.030221853,0.038942076,0.04807691,0.015476742
0.059262387,0.024799531,0.034013115,0.056283675,0.01738622,0.080030076,0.013055846,0.027723072,0.030504324,0.037307512,0.050865535,0.0142293535
0.05611772,0.025392171,0.033745237,0.055470686,0.016949454,0.07788074,0.012806949,0.026991324,0.03211262,0.03385314,0.050457668,0.013465419
0.051585,0.024316356,0.03155265,0.051454816,0.016985795,0.07865318,0.012959055,0.026492842,0.03309166,0.030258475,0.04869787,0.013387917
0.050686494,0.02543098,0.030984864,0.05027043,0.016673615,0.0786586,0.013785293,0.026284983,0.03400287,0.029116012,0.04919135,0.013711314
0.050606154,0.027194975,0.030516362,0.05030073,0.016590767,0.07809797,0.0143117355,0.02604959,0.036058012,0.028176231,0.04956553,0.014249372
0.050733548,0.028596418,0.030264113,0.05109978,0.017118646,0.07681625,0.014914214,0.026019387,0.038021103,0.027619608,0.049181193,0.014743832
0.050725166,0.029555274,0.030454632,0.052292407,0.017477848,0.07399906,0.015496873,0.026281198,0.0392712,0.027217917,0.049173035,0.015014191
0.0504341,0.030198367,0.030708194,0.05280056,0.017392183,0.06992821,0.015896758,0.02639883,0.040111423,0.026726972,0.049394663,0.015110993
0.05023924,0.030604245,0.030866958,0.052601058,0.01701383,0.06540162,0.016219016,0.026367921,0.040891405,0.026126016,0.04960271,0.015186283
0.05031296,0.030798392,0.030851156,0.052122522,0.016487084,0.060776234,0.016463388,0.026261492,0.041807104,0.025427155,0.049792383,0.015262984
0.05053731,0.030886438,0.03068051,0.051643945,0.016007239,0.05636905,0.016676132,0.026125554,0.04289093,0.02473086,0.049945656,0.015398054
0.05090095,0.031029312,0.030484376,0.05134315,0.015730781,0.052447334,0.016941663,0.026030663,0.04399505,0.024190603,0.05003759,0.015635068
0.051393084,0.031304065,0.030344766,0.051334467,0.015670702,0.049044408,0.017242502,0.02599931,0.04496123,0.023829395,0.05006721,0.01592794
0.05184721,0.031685267,0.030264447,0.051482853,0.015754003,0.046082065,0.017524518,0.02599253,0.045706067,0.023579277,0.05001055,0.016224504
0.05210534,0.03208884,0.03019651,0.05158642,0.015903952,0.04350358,0.017767545,0.025975514,0.046199746,0.023382757,0.04985305,0.016494261
0.052153394,0.03244588,0.03010997,0.051565114,0.016073165,0.04128953,0.017968085,0.025923561,0.046481587,0.02322373,0.04961774,0.016734352
0.056777798,0.04153629,0.033154655,0.02766228,0.0041073523,0.07065225,0.0061733057,0.011867398,0.044765007,0.026473792,0.0318686,0.0108344415
0.06330497,0.03467355,0.034893256,0.031262424,0.007650785,0.06667144,0.00800416,0.014881871,0.031474724,0.03521253,0.03576,0.011600533
0.061060816,0.03648896,0.037822746,0.045084797,0.00935341,0.059506882,0.008352563,0.016919006,0.028567137,0.039646562,0.041376125,0.01180048
0.057658024,0.038377605,0.035515882,0.049066126,0.008774243,0.05850294,0.007652237,0.015368487,0.027955046,0.03702506,0.0390626,0.011183656
0.06003026,0.035318587,0.033226524,0.046855103,0.009891762,0.06515461,0.0078710485,0.015549538,0.026507806,0.036693122,0.037529945,0.011955723
0.06356582,0.03620502,0.032617792,0.052179813,0.010190723,0.06834588,0.008425772,0.015670694,0.025341375,0.0387509,0.039093155,0.01249906
0.06606913,0.038372274,0.031845786,0.05738898,0.010245255,0.06935109,0.008437173,0.015756413,0.025447255,0.038943022,0.040036436,0.0127916625
0.067770645,0.03904906,0.03123106,0.059352186,0.01047336,0.0700983,0.008295893,0.015825164,0.02535617,0.038659245,0.04006265,0.012960909
0.067479745,0.039249606,0.030952359,0.060755156,0.010514501,0.06952246,0.008340675,0.01604784,0.025084926,0.03905696,0.040595677,0.0130342115
0.067045055,0.03916457,0.0304733,0.0614883,0.01040824,0.068573005,0.0082733,0.01600637,0.02482793,0.039037988,0.040950038,0.013045711
0.06673023,0.03859576,0.029877951,0.061472643,0.010327032,0.06779085,0.008169251,0.015928546,0.024631742,0.038792282,0.040995315,0.013084089
0.0657699,0.0379914,0.029637244,0.061398797,0.01043197,0.06798195,0.008107001,0.01598209,0.024351044,0.03923509,0.041092798,0.013088778
0.065471746,0.037620217,0.029248098,0.06112765,0.010344899,0.06771938,0.008053603,0.01597607,0.02415981,0.039403263,0.041388944,0.013125458
0.0654454,0.037389018,0.028845562,0.060983747,0.010234392,0.06721859,0.0080017485,0.015982667,0.024030702,0.039465617,0.041732185,0.013155436
0.06534957,0.03727238,0.02853444,0.06093654,0.010105372,0.06659432,0.007965581,0.016006967,0.023918135,0.039552633,0.042132583,0.013182546
0.06532929,0.03716899,0.028310088,0.06085184,0.009975213,0.06598338,0.007917581,0.016032584,0.023805767,0.039676595,0.042530026,0.013216539
0.06536044,0.037057027,0.028116923,0.060799465,0.0098553775,0.06544285,0.007866596,0.016063794,0.02370606,0.039787017,0.04289666,0.0132504385
0.065359175,0.03697202,0.027959323,0.060822755,0.009736362,0.06491871,0.007823169,0.016104892,0.02361443,0.039908156,0.04326762,0.013288278
0.065354615,0.03689162,0.027820818,0.060870405,0.009620981,0.06443837,0.0077777095,0.016145116,0.023532622,0.040020715,0.043621413,0.013327868
0.06535785,0.0368142,0.027707642,0.06093966,0.009515795,0.06401966,0.007733093,0.016194817,0.02346196,0.040144116,0.043955807,0.013368329
0.06535144,0.0367506,0.027604941,0.061047122,0.009418972,0.06365132,0.0076909987,0.016250232,0.02340402,0.04027034,0.04428467,0.013409391
0.06533971,0.036698204,0.027523743,0.061181284,0.009330182,0.06333517,0.0076527945,0.016306272,0.023352146,0.040400878,0.044593237,0.013451072
0.06534716,0.03664516,0.027457178,0.061329518,0.009248882,0.06306518,0.0076175113,0.016365945,0.023310432,0.040527273,0.044883307,0.013489269
0.065353416,0.036611218,0.027398901,0.061521985,0.009174302,0.06282634,0.00758359,0.016421422,0.02327716,0.04064633,0.045160178,0.013527827
0.06537748,0.036591742,0.02735745,0.061739165,0.009109026,0.062631935,0.0075546377,0.01647699,0.023250667,0.04076714,0.045418154,0.013564146
0.06541511,0.03658008,0.027321495,0.061981846,0.009049053,0.062474918,0.007528713,0.016529286,0.023229608,0.040877346,0.04565156,0.013596353
0.075690165,0.017840799,0.02094342,0.08041669,0.013187933,0.044278577,0.002692573,0.030439775,0.007740429,0.01686002,0.033532854,0.019420909
0.07684417,0.015181069,0.021205205,0.053060457,0.010796045,0.041708834,0.0022650978,0.032035965,0.0097295875,0.019849287,0.030317592,0.021175895
0.05396721,0.015346942,0.0206157,0.055142183,0.010166217,0.037074443,0.0023406155,0.04105833,0.010162633,0.02114878,0.029530229,0.023296297
0.054881796,0.016506195,0.020908162,0.050721597,0.011641247,0.035830047,0.002266938,0.0467823,0.009944913,0.022681694,0.028961528,0.02521709
0.057159103,0.018804489,0.02288662,0.046224557,0.014277692,0.040582806,0.0023903432,0.05272869,0.012171374,0.022413088,0.029212363,0.027993023
0.056621674,0.020059282,0.024206754,0.043043923,0.01522865,0.040988304,0.00245984,0.055258483,0.013314436,0.022288652,0.02870682,0.031398006
0.055050872,0.020531196,0.024420502,0.03983067,0.01561226,0.040166754,0.002590049,0.05723074,0.013973813,0.022444494,0.028204156,0.03476722
0.05393961,0.020359607,0.023653258,0.036090553,0.01555042,0.03897466,0.0026497268,0.05827326,0.0150962835,0.021813385,0.028046964,0.036279827
0.053993598,0.019876013,0.022831071,0.03240929,0.0150831565,0.03680976,0.0026627446,0.05764654,0.015876153,0.021391315,0.028199341,0.038484223
0.054480147,0.019419575,0.022523792,0.029921712,0.014855802,0.035297725,0.0027059023,0.057304986,0.016327465,0.02143769,0.028750319,0.04099762
0.054859534,0.01900671,0.02238428,0.02829222,0.015014699,0.03453642,0.0027570375,0.057620954,0.016597232,0.021521667,0.029457923,0.042224992
0.05519073,0.018642168,0.022361659,0.027115876,0.015380514,0.034128975,0.002808593,0.057976034,0.01664543,0.021682888,0.030132804,0.042799238
0.055353682,0.018287065,0.022446973,0.02626084,0.015822764,0.03396565,0.002866045,0.05837832,0.01655865,0.021972256,0.030770151,0.043040827
0.055404246,0.017931597,0.022549,0.025641998,0.01630013,0.033932943,0.0029238,0.058881786,0.016413892,0.022277357,0.03139919,0.04287221
0.05549309,0.0176138,0.02267557,0.025183382,0.01678667,0.033967264,0.0029795193,0.05938058,0.016237807,0.022584174,0.032013897,0.042492386
0.055590518,0.017340235,0.022818968,0.024826387,0.017241945,0.034038976,0.0030340916,0.05982345,0.01607058,0.022895921,0.032612465,0.04203785
0.055689055,0.017104795,0.022955837,0.02454558,0.01765019,0.034104455,0.0030855662,0.060239833,0.015912693,0.023201711,0.03318217,0.041515682
0.05582016,0.01691968,0.023064561,0.024332924,0.017999087,0.03416623,0.0031334087,0.0606136,0.015775926,0.023489555,0.033705253,0.040995296
0.05597895,0.016801773,0.023140697,0.024174636,0.01830602,0.034257494,0.0031704593,0.06094912,0.01564395,0.023753941,0.03413733,0.040410638
0.056063328,0.016665243,0.02323448,0.024005914,0.018561492,0.03429176,0.0032097676,0.06125819,0.015546012,0.024003245,0.03455807,0.039971996
0.056145053,0.016571622,0.02330349,0.023883121,0.018773878,0.034335252,0.0032460515,0.061534546,0.015471766,0.024247572,0.034927387,0.039569266
0.05611204,0.01645424,0.023403574,0.023711283,0.018986542,0.034385942,0.0032777537,0.06188455,0.015399437,0.024493527,0.035243,0.03926636
0.056051772,0.016350899,0.0234927,0.023541447,0.01916717,0.03443321,0.0033061283,0.062221818,0.015346761,0.024722258,0.03551571,0.0390218
0.055970423,0.016259978,0.023568878,0.02338793,0.019316811,0.03448767,0.0033315907,0.06255359,0.015304449,0.024932243,0.035748348,0.03880142
0.05586699,0.016178286,0.023634506,0.023235848,0.01944326,0.034540158,0.0033547983,0.06286802,0.015269602,0.02513183,0.03593594,0.038640827
0.05574578,0.016104514,0.023685882,0.02309595,0.019557716,0.034596812,0.0033750257,0.063164026,0.015245751,0.025305282,0.036090154,0.038499743
0.055629097,0.016039867,0.023731144,0.022963298,0.019647503,0.03465248,0.00339335,0.063443474,0.01522865,0.02547023,0.03622162,0.03837628
0.055480205,0.015979452,0.023763971,0.022837449,0.019726863,0.034718435,0.0034094153,0.06371346,0.015218672,0.025615377,0.03632002,0.03827459
0.055336956,0.01592226,0.023789572,0.022717323,0.019796398,0.03477838,0.003423299,0.06395845,0.01521469,0.025747556,0.036404256,0.038174193
0.055200297,0.015872614,0.023814749,0.022604492,0.019861104,0.03484283,0.0034354434,0.06419118,0.015210454,0.025879415,0.036467493,0.038120043
0.055030476,0.015823033,0.023829727,0.022500116,0.019915443,0.03491446,0.003446446,0.06441877,0.015211669,0.025981687,0.0365097,0.038057
0.054873664,0.015779829,0.02383996,0.022405447,0.019959519,0.034982044,0.0034562934,0.06463017,0.015212877,0.026086923,0.03654432,0.038008824
0.054709982,0.015739422,0.023845943,0.022312822,0.020000547,0.035051845,0.0034649344,0.064828224,0.015219257,0.026182353,0.0365611,0.037974525
0.08022579,0.016482841,0.022169761,0.023560012,0.012956133,0.043029595,0.0034866948,0.0474748,0.031857174,0.014307788,0.04792514,0.022368368
0.07629315,0.027362188,0.02945108,0.02044187,0.015212084,0.042811,0.004031505,0.03508305,0.047999028,0.0162399,0.048720997,0.025159448
0.07355429,0.022017926,0.029348375,0.032629192,0.030529795,0.054981075,0.0062686815,0.040675912,0.062171217,0.01299969,0.050568208,0.026321981
0.084066726,0.029206658,0.031365067,0.040710967,0.023150256,0.04988163,0.006666676,0.03695546,0.07033416,0.010773005,0.04627528,0.023089813
0.07661303,0.02611265,0.031088011,0.0399656,0.019624665,0.048635617,0.0077125276,0.040872674,0.06803426,0.008953427,0.042887993,0.026409127
0.081094354,0.02609782,0.032603834,0.05177856,0.023603207,0.05927108,0.010698677,0.043470297,0.06370016,0.009405052,0.041355167,0.027262159
0.08635583,0.0245547,0.03077207,0.056903135,0.021634532,0.05973481,0.011360894,0.043654,0.06301909,0.0076545915,0.039982636,0.027012339
0.08073888,0.02381591,0.028489394,0.0556359,0.020816723,0.05668973,0.012583379,0.04435913,0.06732273,0.006877508,0.038816977,0.02743902
0.0757113,0.024911355,0.02618774,0.05860408,0.02167133,0.055545673,0.013865865,0.0424388,0.0703072,0.006624232,0.036794174,0.02769374
0.07251968,0.026934477,0.024776716,0.0622477,0.022267861,0.052090526,0.01419206,0.039751954,0.071861856,0.0061194543,0.035944495,0.026925093
0.06766269,0.028750354,0.023477498,0.06171835,0.02277472,0.047169186,0.013931853,0.035621066,0.07400509,0.00579197,0.03480511,0.026205765
0.06411855,0.030106371,0.022216907,0.06063191,0.023221107,0.04278695,0.0136570865,0.031395636,0.07562713,0.0056408336,0.033510737,0.025697412
0.06317472,0.031147197,0.021125695,0.060271274,0.023016283,0.039553408,0.013463613,0.0285529,0.07665797,0.0055553857,0.03283306,0.02504583
0.06258816,0.031928215,0.020182183,0.05984891,0.022639569,0.037479308,0.013371928,0.02665909,0.07790593,0.005474529,0.032538947,0.024470342
0.06192763,0.0327291,0.019496365,0.059624575,0.022327632,0.036437146,0.013301139,0.025432397,0.07968926,0.0053793886,0.032308258,0.024035275
0.061750486,0.03361386,0.019105034,0.059821695,0.021963578,0.0362689,0.013316824,0.024829315,0.081787996,0.005295689,0.032278858,0.023737907
0.061890744,0.034640484,0.018909793,0.060157444,0.02159597,0.03658321,0.013425992,0.024527567,0.08385697,0.005240611,0.032443315,0.023564868
0.06194432,0.035691686,0.018782053,0.06045435,0.021244735,0.037100498,0.013543223,0.024291482,0.08544532,0.0051941434,0.032688215,0.023409812
0.062007803,0.036625367,0.018661628,0.060676087,0.020837022,0.037635207,0.013664771,0.02405056,0.08639603,0.0051549408,0.032989487,0.023217482
0.06218064,0.037434623,0.018519057,0.06079266,0.02035035,0.038044192,0.013787809,0.023718208,0.08676717,0.0051246556,0.03336161,0.022966797
0.048049122,0.021938482,0.018037342,0.03990793,0.017972,0.026727865,0.0060291886,0.031588756,0.03247109,0.004626592,0.04199008,0.025375497
0.05202509,0.023576122,0.021239555,0.04040623,0.019902918,0.031951785,0.006696494,0.042929243,0.0274952,0.0066591017,0.044530325,0.022455221
0.047298733,0.023567105,0.020160936,0.042348895,0.019314006,0.030369697,0.006089897,0.043946803,0.028002962,0.007327969,0.04429565,0.021916464
0.04355959,0.022998158,0.02081077,0.041205432,0.019476376,0.027639702,0.005611108,0.04277364,0.024811853,0.008229778,0.045583673,0.022009129
0.042348053,0.02122161,0.019913808,0.042519048,0.020093746,0.029674668,0.0058194078,0.04640198,0.023831375,0.009197921,0.04583103,0.021131517
0.038525663,0.019967671,0.019413121,0.0434004,0.0198546,0.029536134,0.0060789366,0.049152806,0.023903629,0.010163621,0.046340037,0.019759383
0.03612801,0.019687109,0.019362634,0.0440809,0.019853452,0.02905726,0.0062590176,0.052529268,0.02380634,0.011104081,0.045977175,0.018936845
0.03485152,0.01928702,0.01937159,0.044855583,0.019662585,0.029288769,0.0063397237,0.054577358,0.023170581,0.011887575,0.045350246,0.018730342
0.033738162,0.019257052,0.019393053,0.044686478,0.019434318,0.02828128,0.0062186015,0.054933514,0.022327468,0.01268469,0.045404833,0.018391749
0.03329892,0.01939631,0.019638497,0.04433973,0.019393012,0.027427023,0.0060687494,0.05461124,0.021653475,0.013475329,0.045535114,0.018582176
0.0332305,0.019411046,0.020078331,0.043558136,0.019415371,0.026701355,0.0059498055,0.05355067,0.020940658,0.014247143,0.04562252,0.019285815
0.033298813,0.019492911,0.020659525,0.042861644,0.019816287,0.02568189,0.0058267703,0.052376963,0.020306688,0.014950574,0.046142116,0.020166093
0.03390614,0.019909509,0.021687426,0.042394515,0.020751221,0.024537586,0.005746069,0.05157927,0.019774675,0.015834613,0.04698714,0.021383421
0.034969017,0.020750307,0.02330762,0.041252285,0.022000061,0.023261873,0.005764196,0.051567003,0.019175401,0.017296398,0.047938913,0.02295882
0.03609691,0.021845734,0.025093675,0.039986443,0.023238597,0.022052545,0.005806701,0.051994618,0.018492559,0.018621085,0.04861101,0.024849527
0.03734503,0.023064492,0.026827894,0.039089937,0.024349384,0.02108869,0.005858589,0.052360803,0.017796537,0.019587224,0.048975356,0.026895463
0.03881597,0.024336688,0.028510451,0.038382977,0.025265666,0.020316536,0.0059460243,0.052730057,0.017100804,0.020579273,0.049454454,0.028781481
0.04042429,0.025597068,0.030101081,0.037841056,0.025990224,0.019695733,0.006049079,0.05311932,0.016456533,0.021582926,0.050173793,0.030337194
0.042094085,0.026801964,0.03160268,0.037456427,0.026527174,0.019215953,0.0061493423,0.05344956,0.01589455,0.022566468,0.05100243,0.031590294
0.043693632,0.027890572,0.033022158,0.037158716,0.026906762,0.018854355,0.006239414,0.05369841,0.015408144,0.02352097,0.05176448,0.032602884
0.045101162,0.028805716,0.034326825,0.036936875,0.027151534,0.018579723,0.0063066864,0.05391973,0.015005229,0.024393354,0.052396424,0.033386845
0.046294764,0.02953415,0.03551136,0.036785025,0.02730616,0.01837504,0.0063490723,0.05413908,0.014680096,0.025158672,0.05285773,0.033981763
0.047290247,0.030094143,0.036595732,0.036646303,0.027385065,0.018238446,0.006378183,0.054365087,0.014416788,0.025830898,0.053131394,0.03442688
0.048097424,0.030507462,0.03755079,0.03653891,0.027423346,0.018149229,0.0063999817,0.05459355,0.014203613,0.026413413,0.053266138,0.03473768
0.048746232,0.030793628,0.038386405,0.03645246,0.027431753,0.018097837,0.0064162337,0.054819323,0.014037819,0.026903808,0.053314276,0.03494036
0.049244266,0.03097868,0.03910642,0.036361527,0.027415814,0.018076694,0.006433514,0.055046435,0.013905817,0.027326206,0.053285643,0.03506916
0.04965328,0.031096132,0.039716493,0.03626826,0.027390216,0.018079685,0.006452145,0.055283565,0.013801781,0.02769052,0.0532206,0.035145883
0.049977526,0.031156674,0.04022015,0.036184393,0.027352476,0.018096333,0.0064706593,0.055528164,0.013719847,0.028000304,0.05314575,0.03517495
0.05023514,0.031173073,0.040649243,0.036094613,0.027303956,0.018125227,0.006492516,0.055765726,0.013656662,0.028273957,0.053064257,0.035187185
0.050456822,0.031170616,0.04101284,0.036022626,0.027258178,0.018160855,0.006517956,0.056016333,0.013606089,0.028523004,0.05298718,0.0351917
0.050628483,0.031146795,0.04129642,0.03594519,0.027202493,0.018200992,0.006539835,0.05625442,0.013564414,0.028730301,0.05291701,0.03516931
0.050767936,0.031112045,0.04153057,0.035873275,0.02715252,0.018245883,0.0065624365,0.05648125,0.01353388,0.028910793,0.05285646,0.03514449
0.050884083,0.03107149,0.04172635,0.03581044,0.027090829,0.01828741,0.006584854,0.05670512,0.013508941,0.029080354,0.05281246,0.035123043
0.050986268,0.03102678,0.04188643,0.035751022,0.027032537,0.018331325,0.0066057695,0.056914393,0.013488812,0.02922643,0.052778166,0.03509617
0.05107062,0.030982487,0.042021483,0.035701312,0.026974104,0.018372286,0.006625349,0.057108916,0.013472526,0.02935868,0.052747924,0.035070334
0.05114632,0.030940952,0.042139888,0.035655335,0.026924064,0.018412232,0.006643712,0.057293072,0.013458496,0.02947538,0.05272823,0.035045896
0.051218458,0.030900009,0.042234663,0.035620384,0.02687079,0.018452944,0.0066602784,0.057460796,0.013449262,0.029583987,0.052721437,0.035022013
0.051274803,0.030857965,0.042317457,0.035594944,0.026815696,0.018491602,0.0066765454,0.057625704,0.0134406425,0.029682457,0.052722983,0.03500051
0.051332146,0.030820927,0.04239128,0.03556459,0.026764616,0.018526204,0.0066900966,0.057775546,0.013432664,0.029770803,0.052724462,0.034982353
0.051383365,0.03078638,0.042456243,0.035543416,0.026720056,0.018561473,0.006703717,0.057918463,0.013427344,0.029851928,0.052729845,0.034968298
0.051428642,0.030757455,0.042515576,0.03552714,0.026673865,0.018593984,0.0067155804,0.058043215,0.013421068,0.029925272,0.05273911,0.03495022
0.051486604,0.030737774,0.042575523,0.035514574,0.026631318,0.018625746,0.0067258333,0.058163326,0.013416245,0.029999005,0.052754786,0.034944825
0.05153424,0.030724289,0.042619266,0.035508364,0.02658937,0.018652553,0.006736054,0.058279555,0.013411013,0.030064678,0.052781958,0.034927845
0.05158348,0.030711425,0.042665962,0.03551077,0.026549354,0.01868195,0.006744635,0.05838574,0.013405285,0.030126952,0.052808248,0.034913104
0.05162878,0.030696442,0.04270981,0.035516568,0.0265118,0.018708607,0.0067537674,0.0584904,0.013400771,0.030185776,0.052838307,0.034900084
0.05168384,0.030689446,0.042753752,0.035526298,0.026476564,0.018736353,0.006760084,0.05859029,0.013397299,0.030238131,0.052872766,0.03488128
0.051737234,0.030686572,0.042788856,0.03553594,0.02643952,0.018760864,0.006765626,0.05868742,0.013391086,0.030286977,0.052903797,0.03486052
0.05178,0.03067471,0.04283419,0.03554983,0.026410114,0.01878306,0.006771659,0.05876285,0.013390235,0.030331781,0.05294517,0.034860827
0.051805552,0.030667111,0.042888667,0.035545792,0.0263879,0.018790917,0.006779402,0.058811996,0.013390455,0.030377472,0.052994706,0.03488615
0.051843744,0.030648302,0.0429275,0.035557576,0.026357945,0.01880989,0.0067837024,0.058877,0.01338827,0.0304178,0.05303296,0.034876823
0.051884048,0.030639304,0.042965386,0.035570543,0.026327725,0.018831817,0.006787344,0.0589453,0.013385618,0.030457271,0.053070545,0.034871392
0.051927816,0.030628417,0.043001067,0.035586856,0.02629999,0.018851118,0.006790263,0.05900806,0.013382288,0.030491253,0.053108584,0.034862302
0.05195898,0.030616477,0.04303105,0.03559711,0.026270976,0.01886729,0.006792929,0.059063725,0.013378969,0.030523032,0.053145807,0.03484772
0.051996402,0.03060182,0.043059245,0.035617728,0.026241528,0.018885704,0.006794294,0.05911716,0.01337632,0.03055409,0.053178914,0.034832634
0.052031334,0.030589247,0.043089394,0.03563563,0.026216896,0.018902635,0.006796209,0.059172835,0.013373338,0.030581677,0.053215448,0.03482242
0.052067667,0.030579505,0.04311905,0.035652597,0.026188469,0.018916536,0.0067973607,0.059221823,0.013370268,0.030611604,0.053252034,0.034811288
0.05210378,0.030569304,0.043147236,0.035668954,0.026162833,0.018930815,0.006797265,0.05926389,0.0133679835,0.030634714,0.053291608,0.034798007
0.052137874,0.030557765,0.04317831,0.035689518,0.026139297,0.018947443,0.00679816,0.05930919,0.013364978,0.030658174,0.053323053,0.034785863
0.059062324,0.021650841,0.052168522,0.03937187,0.03333071,0.026122704,0.010238323,0.07058779,0.018343495,0.03201013,0.04175016,0.040192466
0.05875808,0.017730411,0.055632673,0.03440576,0.029726833,0.027416332,0.010159895,0.05765366,0.019478146,0.033080824,0.035036646,0.03235493
0.056095473,0.017807316,0.05319523,0.038236436,0.027872471,0.027136425,0.009805288,0.058204297,0.018326923,0.03270264,0.03657911,0.02837994
0.034851074,0.015191825,0.05000877,0.028769583,0.011468807,0.042746346,0.0033517864,0.041878164,0.020726655,0.03501825,0.027825404,0.01855759
0.04383807,0.015871497,0.0496438,0.033198483,0.017938754,0.051533524,0.0048071416,0.04760376,0.020565774,0.04449174,0.032374196,0.019854486
0.0489757,0.018307352,0.049565326,0.042389985,0.019635398,0.053745925,0.0048443954,0.04843906,0.021330345,0.047594637,0.03406949,0.017754234
0.043796696,0.019592207,0.047724504,0.043419715,0.021089384,0.05691073,0.0049038534,0.047686853,0.020706944,0.04442069,0.03264142,0.017502282
0.045767087,0.02055862,0.046451896,0.042836495,0.023976605,0.061268795,0.005428539,0.04691677,0.019900767,0.045420665,0.033066146,0.01918564
0.0489389,0.02148423,0.044631243,0.046628617,0.024498688,0.06225949,0.0057001696,0.044308875,0.01934939,0.046888113,0.034860022,0.018870253
0.049353406,0.021928282,0.043233886,0.04937437,0.02491479,0.06257089,0.0057545495,0.042200577,0.019184852,0.04655208,0.03548574,0.018411016
0.050491486,0.022192553,0.04257473,0.05102944,0.025284074,0.06261515,0.0057824994,0.040900234,0.018770698,0.046279617,0.035480253,0.018132597
0.052610956,0.022787914,0.042367153,0.054864228,0.025207633,0.06235192,0.0057836752,0.040005866,0.018419277,0.046570856,0.036049593,0.01777869
0.05494131,0.023429615,0.04262455,0.05933929,0.025169061,0.06228107,0.0056968117,0.039370447,0.01816374,0.046363674,0.036523286,0.017410234
0.057279896,0.024084382,0.042933073,0.06374311,0.025467953,0.06256016,0.0056343884,0.038811784,0.017907899,0.045910943,0.036777828,0.017134026
0.059341893,0.024808373,0.042884618,0.06996369,0.025729487,0.06328383,0.0056347866,0.038119547,0.017660903,0.0454461,0.037235692,0.016862975
0.0651514,0.02467615,0.053331867,0.074991986,0.04815465,0.0711893,0.008526216,0.04496462,0.01831294,0.035134558,0.056822933,0.022254143
0.06096112,0.020627677,0.053538125,0.064089626,0.04024165,0.07802455,0.0072893295,0.047117855,0.022380436,0.03715012,0.04952955,0.018169548
0.057976477,0.018907283,0.05307588,0.057720862,0.04256027,0.083929405,0.0083521325,0.050329834,0.021807183,0.04105774,0.047816623,0.02038187
0.060051505,0.019131986,0.056113515,0.06537138,0.04648104,0.08519168,0.009548936,0.054087564,0.021735338,0.040308595,0.050218113,0.019777156
0.056767426,0.019621056,0.055358697,0.065121524,0.045121595,0.084907286,0.0096695265,0.055463668,0.023880336,0.03969322,0.050517555,0.018549955
0.049839243,0.01918711,0.04977987,0.060808778,0.04393551,0.08522732,0.009887616,0.055412684,0.025456049,0.037421867,0.04929659,0.017874619
0.046675645,0.020278914,0.04717075,0.0593531,0.04263052,0.08144513,0.010681154,0.054401483,0.027284538,0.036543276,0.05009263,0.01814222
0.044503126,0.021697985,0.045215137,0.059292823,0.04201152,0.075885154,0.011242839,0.053711027,0.029776635,0.03503649,0.05104793,0.018794449
0.043813482,0.022816448,0.044667825,0.059073232,0.04190046,0.06989622,0.011904887,0.051380828,0.031882294,0.034092102,0.051152512,0.019757878
0.04435429,0.023870118,0.04513107,0.058443043,0.040601544,0.062980644,0.012549493,0.04863366,0.033077534,0.033597477,0.051380973,0.02048579
0.03478024,0.031576205,0.02297637,0.018590309,0.06567514,0.017710324,0.0078388,0.05581315,0.023539385,0.021313831,0.03141886,0.021224115
0.031086825,0.028731557,0.026277002,0.01429911,0.051183444,0.021008484,0.008078332,0.057938725,0.017757986,0.02757289,0.026820531,0.020712916
0.033944864,0.02973909,0.027281292,0.01374671,0.05055586,0.022407766,0.009689955,0.055809245,0.019172393,0.034890622,0.028251592,0.02318514
0.034323864,0.030619117,0.026808111,0.013648624,0.05125289,0.018711403,0.009494516,0.04971873,0.01863441,0.037731964,0.02858587,0.02483876
0.034784477,0.030977346,0.026628943,0.01361431,0.052602455,0.017168202,0.009510282,0.049496807,0.018071512,0.040840015,0.02803449,0.028307272
0.035577122,0.03088389,0.026146954,0.012491823,0.054913074,0.015248693,0.00993859,0.05369682,0.017755948,0.04224092,0.026679933,0.030208195
0.03643267,0.031081067,0.025917089,0.011782933,0.0557377,0.013804392,0.010152407,0.053978357,0.017610807,0.043281626,0.026562555,0.031668052
0.036663696,0.031095019,0.025932642,0.011537776,0.057174213,0.013038554,0.010247509,0.053055573,0.017498028,0.04403378,0.026711395,0.03332637
0.037118193,0.031085843,0.026058786,0.011187664,0.058772188,0.0123453,0.010442223,0.052554272,0.01737459,0.04416154,0.02657529,0.03489806
0.037912883,0.03103682,0.026250526,0.010990762,0.059732597,0.011903059,0.01062806,0.051394865,0.017400155,0.044223804,0.026725916,0.036355972
0.038601313,0.03098734,0.02652422,0.010863344,0.060609866,0.011629305,0.010767854,0.050393574,0.017441045,0.04442673,0.026820432,0.037743423
0.039108787,0.030933905,0.026882825,0.010718591,0.061683103,0.011446906,0.010967322,0.049884036,0.017498545,0.04454107,0.02676832,0.038964517
0.039506983,0.030896638,0.027275357,0.010639759,0.06274735,0.0113844145,0.011245648,0.049721174,0.017627973,0.044710737,0.026769213,0.03993298
0.039745666,0.030915344,0.027698593,0.010609694,0.06387009,0.011384269,0.011581319,0.04993344,0.017779233,0.044989612,0.026758682,0.040709943
0.039853897,0.030988427,0.028159598,0.010607718,0.06504317,0.011424832,0.011977034,0.050401986,0.017956993,0.045296513,0.026756357,0.041317653
0.03990788,0.031099135,0.028635174,0.010651963,0.06616868,0.011499673,0.012413568,0.05095948,0.018163113,0.04561379,0.026806546,0.04179275
0.039940067,0.031230165,0.029095206,0.010714304,0.06719238,0.011581243,0.012856708,0.0515608,0.018362924,0.045932606,0.026862014,0.04216133
0.039961956,0.031365883,0.02953733,0.010784028,0.06810791,0.01166102,0.013283096,0.052116953,0.01855407,0.04621383,0.026920464,0.04244256
0.03999608,0.031502653,0.02994733,0.01085609,0.06887395,0.011736069,0.013682017,0.052598458,0.01873248,0.046457488,0.026977835,0.04267013
0.040012076,0.031611133,0.030309841,0.010919891,0.06952792,0.011803278,0.014041793,0.053016875,0.018896122,0.04665457,0.027020626,0.042842615
0.04002488,0.031699672,0.030623047,0.010972619,0.070067674,0.011861563,0.0143571645,0.053371772,0.019035397,0.046800595,0.027043177,0.042964436
0.040048514,0.03177029,0.030889152,0.011018454,0.0704957,0.011917992,0.014627609,0.053670652,0.019160194,0.046909947,0.027049033,0.04304949
0.0400786,0.031838477,0.03108263,0.0110538695,0.07079831,0.011970546,0.014848178,0.05395607,0.019256363,0.04698362,0.02704237,0.04303977
0.04010146,0.031903222,0.031255085,0.011086146,0.07106816,0.0120159285,0.015035798,0.05419611,0.019331355,0.047018632,0.027019447,0.04301658
0.040093325,0.0318824,0.03147599,0.011096047,0.07128637,0.012036722,0.015231554,0.054349534,0.01944173,0.047002923,0.027027747,0.043193303
0.040091056,0.031897433,0.031607468,0.011108553,0.07145265,0.012066897,0.015376266,0.054506607,0.019520955,0.047007665,0.027009685,0.04319758
0.040078342,0.03193561,0.03168168,0.011144277,0.0717132,0.012115118,0.015484984,0.05467125,0.019558245,0.047039393,0.026958803,0.043089196
0.040071096,0.031923067,0.0317757,0.011151345,0.07182182,0.012141496,0.015593796,0.05481829,0.019621234,0.047027126,0.026932942,0.04308111
0.040049795,0.031905062,0.0318574,0.011148349,0.07188088,0.01215898,0.015692944,0.05491172,0.019688983,0.04700745,0.026909765,0.043099165
0.04002552,0.031876694,0.03191572,0.011144829,0.07191656,0.012173077,0.015776481,0.05499127,0.019746883,0.04698191,0.026880173,0.043111306
0.040008407,0.03184513,0.031962566,0.011139628,0.07194056,0.012183609,0.015847377,0.055073466,0.019799938,0.04695268,0.02685689,0.043122586
0.039984215,0.031809673,0.032006297,0.011128099,0.07192393,0.012189355,0.015911775,0.055149995,0.019855276,0.046905432,0.026833577,0.043137293
0.039961662,0.03177533,0.03203877,0.011114678,0.0718896,0.012194219,0.015968582,0.05521259,0.01990563,0.046865672,0.026805757,0.043149892
0.03993535,0.03173376,0.03205956,0.011100145,0.07184495,0.012197465,0.016016856,0.055269223,0.019950708,0.04682564,0.026774045,0.0431635
0.039906647,0.031693798,0.032079015,0.01108487,0.07179864,0.012200372,0.016060961,0.055312548,0.019997554,0.046776935,0.026741339,0.043182656
0.039879955,0.031649902,0.032088213,0.0110677285,0.0717359,0.012200493,0.016098494,0.055365656,0.020041287,0.04673115,0.026712429,0.043190535
0.03985762,0.03161584,0.032095816,0.011049362,0.0716631,0.012197408,0.016131964,0.055414442,0.020081773,0.046685982,0.026683705,0.043202538
0.039827086,0.031577606,0.032099944,0.011028966,0.071585335,0.012194281,0.016164668,0.055457946,0.02012078,0.04663842,0.02665315,0.043217182
0.039798986,0.031530436,0.032102935,0.011010892,0.07151461,0.0121936845,0.016193092,0.055476326,0.020162415,0.046603482,0.026618695,0.04324602
0.047020353,0.03488193,0.04148373,0.014373558,0.080024794,0.0220322,0.023178224,0.056584764,0.023948662,0.051770348,0.036287498,0.052588806
0.05277733,0.035512444,0.041790795,0.01303899,0.079140134,0.025194993,0.021650387,0.053453483,0.022464057,0.04464847,0.035547003,0.046192802
0.05108477,0.033691164,0.04294679,0.013912959,0.07534924,0.026488211,0.02316397,0.053946894,0.022557665,0.041212253,0.03470479,0.044617563
0.049440954,0.03228177,0.044981558,0.013579889,0.06768705,0.026643293,0.022289798,0.05883062,0.022944536,0.042851318,0.04199659,0.041904457
0.043513093,0.03129539,0.042110655,0.013536568,0.0670431,0.027068876,0.020762956,0.06510454,0.022858614,0.040415052,0.04527608,0.035928283
0.041078545,0.029928308,0.03936528,0.015276608,0.06543373,0.028901726,0.020604037,0.0714573,0.02319682,0.039296515,0.04760565,0.03284927
0.040462688,0.030313903,0.038319804,0.01828409,0.061675396,0.03082772,0.020981546,0.07580456,0.023978164,0.03973582,0.049481608,0.031014971
0.04055837,0.03135345,0.038436726,0.021323377,0.060262177,0.032766126,0.02164348,0.0744994,0.02514887,0.04008927,0.048675854,0.030627325
0.040680695,0.03211929,0.039014712,0.02376557,0.05914261,0.03403177,0.022643395,0.069389515,0.02607462,0.04010889,0.04667417,0.030957665
0.040378302,0.032820567,0.03969873,0.025459582,0.057175167,0.03365068,0.02370646,0.063669585,0.026397882,0.039860576,0.044934623,0.031216256
0.039748754,0.033378214,0.040022537,0.026494877,0.055117887,0.03229231,0.024440283,0.059374392,0.026434273,0.03908686,0.04370627,0.031056298
0.03880993,0.033624288,0.039607033,0.02718014,0.053412884,0.030914877,0.024754379,0.057508226,0.026426481,0.037855208,0.042963848,0.030441323
0.037624285,0.033624552,0.038682222,0.027965764,0.05232056,0.029961875,0.024859484,0.057648756,0.0266088,0.03654627,0.042689368,0.02978559
0.036703616,0.033629376,0.03788902,0.029126082,0.051891007,0.029550588,0.025024032,0.058537655,0.027154421,0.03559766,0.042780448,0.029503517
0.036301307,0.033762652,0.037468366,0.030437557,0.051696148,0.029553022,0.025270546,0.059099875,0.027924288,0.0350996,0.043032285,0.02954151
0.036228016,0.03396127,0.03722811,0.031595804,0.051394597,0.029733628,0.025444206,0.058787107,0.028677238,0.03478893,0.04316202,0.029642297
0.036235914,0.034111634,0.037055485,0.03244606,0.05082722,0.029848687,0.025522882,0.05751344,0.029237356,0.03446316,0.04302446,0.029660271
0.040528033,0.03204212,0.03569331,0.01617358,0.011719257,0.06307441,0.0063936287,0.03252947,0.024003541,0.035319697,0.031337578,0.013422015
0.052733313,0.029038887,0.03950683,0.02214663,0.018058624,0.06216066,0.008000648,0.032879066,0.019970518,0.04611356,0.031498224,0.015985308
0.05205122,0.031253777,0.04191123,0.02840482,0.018574143,0.058711775,0.008272924,0.03185857,0.020490076,0.05114916,0.03841585,0.014503217
0.048696857,0.032299776,0.039631326,0.029378405,0.016225142,0.05706048,0.0073139444,0.030447794,0.020490134,0.048278503,0.038875647,0.012679811
0.050960615,0.030622145,0.036460273,0.028624322,0.016136339,0.06106519,0.0070364163,0.032103345,0.019466156,0.04710474,0.03879443,0.012919896
0.06516985,0.028309083,0.039365847,0.041192297,0.021996487,0.07352273,0.010739533,0.03574997,0.023436142,0.03852484,0.0564654,0.016730083
0.05601565,0.024863495,0.040150557,0.037573803,0.019563662,0.08166836,0.009990963,0.034717612,0.028515358,0.037693426,0.04750864,0.013253251
0.053133775,0.021719804,0.040916156,0.035663266,0.022481913,0.087516725,0.011235308,0.037829127,0.026634704,0.042604942,0.045383435,0.015491062
0.053899873,0.022662608,0.042419154,0.03981413,0.02417665,0.088037096,0.01338774,0.03882565,0.027219983,0.042509,0.048013948,0.015092235
0.047419485,0.023761472,0.04055747,0.039050914,0.025045726,0.08523939,0.013635605,0.040316433,0.027999751,0.038134113,0.047060937,0.015030157
0.041596994,0.024000345,0.036531165,0.036911827,0.0265608,0.084503576,0.013952107,0.042070296,0.028514672,0.034682065,0.044908803,0.015817745
0.04006941,0.025786731,0.034234896,0.038090374,0.02778176,0.081191465,0.014901688,0.043793235,0.029380135,0.03360141,0.04434393,0.016744327
0.04046303,0.0278693,0.034082156,0.041197583,0.02982277,0.07599389,0.015560308,0.044407465,0.031228341,0.033132844,0.044699997,0.017803289
0.041174136,0.029009387,0.034521483,0.043320164,0.031126032,0.069874965,0.016277859,0.043075394,0.032461766,0.032838047,0.045075756,0.018733595
0.041716054,0.029713808,0.03485266,0.043821976,0.031170452,0.062231228,0.016986202,0.041145664,0.0328009,0.032651175,0.0453383,0.019424865
0.041744247,0.030197369,0.03488551,0.04329063,0.03040217,0.05441499,0.017575007,0.039811578,0.032874677,0.03224827,0.045653798,0.019991448
0.04146344,0.030458188,0.03447208,0.042317092,0.029403148,0.0481305,0.018108226,0.03942286,0.03305767,0.03166683,0.046039898,0.02047194
0.041003153,0.030636776,0.03373872,0.041506924,0.028596716,0.043660726,0.018644707,0.039987266,0.033431042,0.0310878,0.046522036,0.020895723
0.0405193,0.030933263,0.03300161,0.04117641,0.028162925,0.04067854,0.019189375,0.04102484,0.034003805,0.030653942,0.04707312,0.021329354
0.040237077,0.031404383,0.03247871,0.04136054,0.028094793,0.038763043,0.019712886,0.04195106,0.034682263,0.030381609,0.04762212,0.021779485
0.040084496,0.031959224,0.03215068,0.041804794,0.028236343,0.037455514,0.020162612,0.042419773,0.035320505,0.030163107,0.04804821,0.022177003
0.039869513,0.03248412,0.031956196,0.0421608,0.028398855,0.036403477,0.0205523,0.042347472,0.035819698,0.029949885,0.048268877,0.02249443
0.062176246,0.010385119,0.014159661,0.046658963,0.02492203,0.03527508,0.010483054,0.059412777,0.027698535,0.025345238,0.022757681,0.007685807
0.060343552,0.0119213285,0.021963976,0.03837488,0.028244393,0.033261504,0.011315002,0.0576146,0.02212858,0.030617006,0.025818998,0.009603469
0.060962282,0.012418292,0.02292882,0.038850922,0.028450007,0.03045814,0.010508688,0.056660034,0.023777999,0.030439833,0.030584171,0.008707728
0.06230207,0.014460847,0.023459671,0.04204945,0.031311624,0.030236648,0.009782462,0.057197586,0.024080079,0.031132719,0.03451287,0.0081000645
0.06362985,0.015829263,0.025236022,0.040996045,0.033473823,0.031696454,0.010006917,0.05594424,0.023098396,0.0317401,0.03539397,0.008211556
0.06512939,0.016056508,0.026329627,0.040075812,0.035166536,0.031624496,0.010427279,0.05622681,0.022157598,0.032756403,0.035901476,0.00851902
0.06707336,0.016139822,0.027197396,0.038902763,0.03621384,0.031868,0.010506333,0.056628842,0.021448353,0.032829884,0.03594509,0.008822189
0.06762357,0.016224533,0.028074207,0.037681796,0.036621552,0.032363657,0.01063317,0.055512037,0.021050677,0.033121325,0.03592878,0.00918548
0.06698772,0.01612104,0.028573235,0.036616728,0.03659902,0.032484036,0.010776487,0.05429409,0.020708026,0.03302465,0.035692707,0.009424948
0.06631566,0.016032059,0.028900322,0.0355363,0.03644896,0.03257911,0.010833931,0.052748192,0.020406533,0.032552302,0.035238627,0.009619505
0.06576001,0.015962783,0.029221594,0.034516085,0.036266997,0.032772113,0.010901772,0.05079824,0.02023837,0.03201415,0.034717992,0.009813496
0.065437734,0.015826968,0.02947248,0.033632237,0.03608294,0.03297411,0.011008898,0.048918072,0.02013335,0.03148319,0.034150623,0.009996535
0.065545976,0.01569307,0.029718341,0.032905515,0.03596156,0.0332222,0.011141156,0.0469996,0.020066444,0.031060625,0.033564687,0.010188043
0.06593837,0.015609308,0.030016493,0.032352522,0.035908096,0.033552114,0.011311327,0.044925157,0.020076348,0.030789826,0.032996748,0.01039387
0.066566445,0.015555779,0.030343536,0.031951327,0.035909194,0.033939417,0.011518612,0.042721868,0.020144928,0.030667556,0.03242358,0.010605105
0.06742643,0.015538286,0.030710723,0.031675737,0.035934623,0.03436627,0.011745242,0.04043959,0.020256914,0.030663567,0.031862915,0.010820448
0.06839588,0.015555663,0.03111475,0.031498924,0.035948914,0.034822408,0.011978919,0.038168266,0.020408126,0.03074633,0.031331304,0.011033138
0.06935257,0.015580254,0.03153418,0.031377196,0.035950255,0.03526605,0.012203291,0.03608181,0.020563902,0.030844407,0.030821433,0.011230902
0.07023691,0.01559969,0.031952307,0.031278014,0.03594885,0.03569391,0.012397194,0.034375757,0.02067074,0.030914614,0.030356115,0.011407956
0.07090692,0.015589317,0.032340094,0.031185595,0.035945497,0.036041632,0.012556733,0.03316196,0.020700544,0.030914702,0.029943293,0.01155896
0.07131193,0.01554883,0.032680452,0.031081554,0.03592846,0.036298864,0.012669732,0.0324946,0.020622568,0.030813448,0.029602014,0.011676225
0.0715479,0.015490101,0.03297896,0.030976659,0.035885412,0.036468618,0.012745783,0.032121558,0.020487627,0.030659908,0.02930425,0.011763982
0.071670994,0.015421859,0.033239815,0.030876847,0.035828646,0.036594987,0.012804188,0.031955376,0.020316161,0.030466797,0.029037254,0.01183083
0.07179133,0.015352903,0.033479415,0.03077991,0.035777394,0.036715932,0.012848438,0.03184491,0.02014089,0.030276207,0.02879588,0.011889646
0.07193599,0.01530979,0.03368861,0.030668374,0.035771064,0.03691834,0.012894173,0.031607963,0.019978285,0.030100767,0.028529476,0.011941767
0.07204337,0.015241026,0.033884525,0.030589422,0.03573043,0.03704617,0.012934029,0.03155893,0.019809768,0.029923117,0.02830977,0.01198777
0.072116785,0.015161491,0.034043875,0.03053182,0.035672054,0.03713698,0.012965393,0.031502742,0.019659722,0.029752515,0.028092848,0.012025862
0.0722628,0.01507856,0.03420143,0.030500878,0.0356033,0.037210412,0.013011387,0.03146809,0.019530896,0.029611316,0.027896363,0.01206883
0.07232767,0.01499698,0.034325942,0.030467464,0.03553418,0.037265133,0.013024615,0.031412307,0.019394739,0.029470434,0.027712869,0.01208956
0.072370954,0.014915918,0.034430154,0.030445617,0.03546915,0.037311252,0.013035482,0.031367455,0.019272845,0.029328821,0.027532404,0.012107405
0.07239209,0.014836707,0.03450659,0.030421752,0.035406813,0.037364617,0.013051773,0.031325698,0.019163096,0.029198166,0.027350416,0.012126286
0.072423995,0.014758828,0.034562398,0.030396968,0.035346907,0.03742897,0.013072151,0.03128693,0.019061662,0.02906849,0.027169824,0.012144739
0.07245756,0.014684421,0.03460603,0.030374546,0.035287607,0.037499458,0.013095363,0.031247597,0.01896862,0.028943116,0.02699555,0.012162347
0.072490744,0.01460638,0.034642614,0.030358622,0.035222,0.037558597,0.013114951,0.031201802,0.018886834,0.02882453,0.026827836,0.012177023
0.07251032,0.014527344,0.034668267,0.030341057,0.03514766,0.037597366,0.013133244,0.031165991,0.018809922,0.028710283,0.026669763,0.012191021
0.07252696,0.014444919,0.03468877,0.030328596,0.035064533,0.037619207,0.013147385,0.031140437,0.018741002,0.02859708,0.026524099,0.012202038
0.07254399,0.014362193,0.034705307,0.030321103,0.034973305,0.037632063,0.013158581,0.03111077,0.018678125,0.028490806,0.026385054,0.012209048
0.07251236,0.014270271,0.034717593,0.03034223,0.034880895,0.037607275,0.013173209,0.031147638,0.018622573,0.028391574,0.02626331,0.012216444
0.072490275,0.014192974,0.034718905,0.030335218,0.03479908,0.03761944,0.013184998,0.031133544,0.018564526,0.028296474,0.02613655,0.012220812
0.07242375,0.014097605,0.034726392,0.030333975,0.034667253,0.037548084,0.013171157,0.031150214,0.018514112,0.028185477,0.02603657,0.012214925
0.07238553,0.014025832,0.034715254,0.030327827,0.03458198,0.03756508,0.013176214,0.031135056,0.018462654,0.028083311,0.02591443,0.012210749
0.072365046,0.013966088,0.034702007,0.030321473,0.034512337,0.037608396,0.013181052,0.031091861,0.018414605,0.027992815,0.0257919,0.01220524
0.07232363,0.013907695,0.034685977,0.030315818,0.034443595,0.037636388,0.013185451,0.031069787,0.018365568,0.027893547,0.025676485,0.012197517
0.07182297,0.021145029,0.0454358,0.03273489,0.03343334,0.044697896,0.017580828,0.035485107,0.022519557,0.031033888,0.029950585,0.018292943
0.06104231,0.01805298,0.042568628,0.038490575,0.036271367,0.0475877,0.017907472,0.036545742,0.022035157,0.027836924,0.030251866,0.018209558
0.06003716,0.019989196,0.04138623,0.04014765,0.039196678,0.048945405,0.021054152,0.039864875,0.02480342,0.02863788,0.03135197,0.01826047
0.053866692,0.021132194,0.04299186,0.039086573,0.037681464,0.049730964,0.021555247,0.038396746,0.028642891,0.030065548,0.03283573,0.018390724
0.058258068,0.021694154,0.041363716,0.040828403,0.0369588,0.049331464,0.020787302,0.03588012,0.032230794,0.032459036,0.033524867,0.019025603
0.061796196,0.023094868,0.038683143,0.0431327,0.036307536,0.04869751,0.020569531,0.034194317,0.03569035,0.034549028,0.0347043,0.019668423
0.06537566,0.026448058,0.03864384,0.043981776,0.0367407,0.04781808,0.020440925,0.032628283,0.039326537,0.0366229,0.037034743,0.021907533
0.06713713,0.02973634,0.038737733,0.045926835,0.038732473,0.04698741,0.020305404,0.03191912,0.04130701,0.036820088,0.038850006,0.024062969
0.06343924,0.032186918,0.03889347,0.04662532,0.040038,0.04507832,0.020692682,0.031500015,0.040902853,0.035677444,0.040184654,0.025115088
0.057691664,0.033893425,0.039065894,0.0459464,0.04021077,0.042362064,0.021499708,0.030914323,0.039900634,0.034158237,0.04105336,0.025745902
0.053614236,0.034935843,0.038659256,0.045385595,0.03920149,0.039695147,0.02216372,0.029874412,0.03943583,0.03272129,0.04162572,0.025966246
0.05126392,0.035653148,0.037881155,0.04517928,0.037661288,0.03763585,0.022465162,0.02866626,0.03970973,0.031640492,0.042073138,0.025851408
0.049620684,0.036207523,0.03704232,0.045236368,0.03626459,0.036326423,0.022641072,0.027630424,0.04070051,0.03097775,0.042485844,0.02573241
0.048566416,0.036775034,0.03628543,0.04570444,0.035389107,0.035684828,0.022791902,0.026944172,0.042061213,0.030660992,0.042936232,0.02578903
0.04768283,0.037269633,0.035552677,0.046436436,0.035105582,0.035417777,0.022854352,0.026697464,0.043484,0.030294688,0.043529242,0.026078666
0.050861184,0.032503452,0.027694277,0.023711698,0.006875763,0.07458967,0.006130586,0.0112512475,0.037247363,0.037607435,0.029258681,0.012477554
0.061838668,0.03207336,0.03257755,0.026762873,0.011580741,0.06659375,0.008071262,0.015401518,0.027579885,0.04056625,0.03150432,0.013669526
0.057065148,0.035277896,0.0362419,0.04164447,0.012811785,0.060666807,0.008271398,0.017681513,0.026167037,0.043836333,0.038637374,0.012817515
0.05240871,0.03666182,0.03474191,0.047722947,0.011662719,0.059466265,0.0074365125,0.01621719,0.02598727,0.041347288,0.03924539,0.011957351
0.05562672,0.03418427,0.032306187,0.046073463,0.012715462,0.06675474,0.007597117,0.016414747,0.025939396,0.04046589,0.03865633,0.012269074
0.062004812,0.035381265,0.03175888,0.05162487,0.0129241105,0.072091736,0.008085374,0.016621891,0.025698008,0.043215726,0.041116748,0.0122876195
0.06541381,0.037052177,0.03056721,0.057648987,0.012701045,0.075193144,0.008132843,0.016879862,0.026325092,0.043712106,0.042848382,0.012108494
0.06783332,0.03665846,0.029206159,0.05955524,0.012548252,0.07711907,0.007989472,0.017123131,0.02638515,0.043501526,0.043062575,0.011991957
0.06818623,0.03618726,0.028610922,0.06023043,0.012364572,0.077164866,0.008030896,0.017485138,0.026048979,0.04401321,0.04362411,0.011895114
0.067436315,0.03575847,0.02811429,0.06095703,0.012122207,0.07664426,0.008013325,0.017570412,0.025776565,0.043789726,0.044014852,0.0118076
0.066376925,0.034887932,0.027534075,0.06124767,0.011982684,0.07606065,0.007976769,0.01756758,0.025624014,0.04301013,0.043844298,0.011765395
0.06520242,0.034256175,0.027095329,0.06134454,0.011865129,0.07549937,0.008001169,0.017599368,0.025413942,0.042513475,0.043758113,0.011741043
0.064777024,0.033982273,0.02684326,0.061072472,0.011721102,0.07487528,0.007977037,0.017600266,0.025075393,0.042280205,0.043821335,0.011717165
0.06520993,0.033933766,0.026768839,0.060295403,0.011559123,0.073871404,0.007880554,0.017557222,0.02453928,0.042194955,0.043845978,0.01170676
0.0657309,0.03400709,0.026749164,0.05957898,0.011408246,0.07311182,0.0077817766,0.01745501,0.024013383,0.04198279,0.043822475,0.011685203
0.06583325,0.03407384,0.026686987,0.05945925,0.011313278,0.072816044,0.007707563,0.017373068,0.023670267,0.041607082,0.043781694,0.011667176
0.06558842,0.034123622,0.026611403,0.05981045,0.011259028,0.0726343,0.0076624556,0.017341934,0.023468854,0.041236475,0.043733094,0.011668232
0.06522372,0.034181513,0.026567558,0.060295064,0.011204657,0.07238202,0.007635746,0.017341074,0.023325821,0.04097484,0.043715194,0.011689312
0.06493239,0.034248378,0.026540756,0.060801376,0.011141209,0.07216509,0.0076139686,0.01735447,0.02322586,0.040783215,0.04374391,0.011714492
0.0647638,0.03433483,0.026512003,0.061336886,0.011067598,0.07194459,0.0075927437,0.017366484,0.023152083,0.040645987,0.043809626,0.0117467195
0.06467405,0.0344474,0.026497928,0.061870467,0.010988263,0.07169567,0.007572076,0.017382579,0.02309468,0.040565506,0.043909002,0.011786543
0.06464135,0.03457142,0.026493395,0.0623972,0.010899685,0.07142298,0.0075509604,0.017395712,0.023048427,0.0405244,0.044045556,0.011832562
0.064658,0.034712896,0.026493061,0.06290167,0.010804221,0.0711291,0.007527683,0.017408138,0.02301285,0.0405225,0.044205993,0.011885306
0.06473186,0.034864403,0.026504477,0.063356385,0.010705145,0.07081355,0.007504101,0.01742036,0.022980878,0.040552612,0.044390403,0.011945441
0.06485755,0.035025593,0.026527222,0.063787155,0.010600143,0.07046837,0.0074803443,0.017429864,0.022956701,0.040614024,0.044597577,0.012007633
0.06500321,0.03520066,0.026548516,0.06423101,0.0104922345,0.07012628,0.007455723,0.017439028,0.022929974,0.04068938,0.0448116,0.0120741995
0.065171644,0.03536627,0.026582185,0.064604566,0.010382468,0.069753096,0.007430841,0.017442044,0.0229088,0.04078339,0.04503025,0.012146673
0.06535706,0.035542965,0.026626498,0.06494936,0.010273795,0.06935706,0.0074048648,0.017447667,0.022889026,0.04089177,0.045255084,0.012223017
0.06552584,0.03570953,0.026662614,0.06527193,0.0101603065,0.06892076,0.0073798476,0.01744984,0.022870747,0.040995136,0.045476396,0.012300965
0.06570905,0.035869926,0.026708998,0.06557726,0.01005171,0.06847271,0.007355599,0.017454233,0.022857213,0.041104615,0.045694236,0.012380572
0.065937445,0.03604165,0.026712792,0.06596102,0.009930595,0.06798325,0.0073342193,0.017458903,0.022849347,0.041186206,0.04590616,0.012446172
0.06611137,0.036200535,0.026778944,0.066216886,0.009835097,0.067581296,0.0073123043,0.017466223,0.02283703,0.041313536,0.046110876,0.012529124
0.06627564,0.036332037,0.026849918,0.066416614,0.009747485,0.06722248,0.0072895256,0.017477782,0.022832645,0.041435104,0.046308797,0.012611392
0.066401444,0.036451403,0.02691255,0.06661644,0.00966419,0.066870876,0.007270008,0.017494462,0.022826854,0.04155621,0.04649763,0.012693232
0.06652711,0.0365582,0.02696778,0.06679508,0.009583216,0.06653803,0.007251905,0.017513676,0.02282018,0.041673016,0.046668366,0.012769654
0.06661757,0.036647413,0.027019948,0.06696106,0.009509205,0.0662197,0.0072353254,0.017528582,0.022815198,0.041766014,0.046822894,0.012843014
0.06668346,0.036727887,0.027066246,0.06709395,0.009439638,0.06593578,0.0072215493,0.017545374,0.022812122,0.04185876,0.0469596,0.012909008
0.06675234,0.036790837,0.027104765,0.06721189,0.009376348,0.06569302,0.007209566,0.01756011,0.02281124,0.04194201,0.04707911,0.012971699
0.06679572,0.03684602,0.027136777,0.06733362,0.009316449,0.06546573,0.0071993032,0.017569473,0.022810187,0.042011157,0.04718183,0.013030562
0.06683321,0.036891468,0.027163085,0.067449145,0.009263251,0.0652891,0.0071911183,0.017577847,0.022811664,0.042086247,0.047264032,0.013083271
0.06684686,0.036925048,0.02718958,0.067531005,0.009214758,0.065128416,0.007184636,0.017583257,0.022815373,0.042144746,0.047341116,0.013133837
0.0668211,0.036932576,0.027225582,0.06759123,0.009172981,0.06498078,0.0071832277,0.017588621,0.022819234,0.04220447,0.04739599,0.01318893
0.066776074,0.036931302,0.027255546,0.06764498,0.009137221,0.064881235,0.0071841734,0.017589478,0.022824354,0.042258956,0.04744395,0.013242497
0.06675712,0.03693568,0.027280442,0.067704536,0.009106345,0.06480065,0.007186534,0.01758465,0.022832284,0.042313334,0.04747418,0.013286365
0.06673674,0.036946435,0.027289506,0.06780768,0.009077695,0.06473952,0.0071886647,0.017578365,0.022837818,0.042351168,0.04749549,0.013321079
0.06675021,0.03697044,0.027300967,0.06790931,0.009053467,0.06471316,0.0071898554,0.01757392,0.022846438,0.042379048,0.04751642,0.013348256
0.06678384,0.03699324,0.027299058,0.068007484,0.009024846,0.064667225,0.007193015,0.017563326,0.02285981,0.04239202,0.047539324,0.013373892
0.06682951,0.03701248,0.027286146,0.06819402,0.008997686,0.064600065,0.0071945614,0.01754798,0.02287299,0.042414702,0.0475436,0.013384516
0.066861115,0.037040476,0.027288398,0.06831957,0.008978768,0.06459387,0.007196002,0.01754092,0.022879172,0.042441834,0.04755029,0.013397002
0.06690331,0.037067086,0.027293023,0.06842561,0.008962867,0.06461081,0.007195995,0.017537666,0.02288582,0.04245945,0.047558285,0.013409146
0.06694626,0.03709223,0.027296048,0.06851561,0.008948676,0.06463106,0.007197273,0.017529206,0.022892626,0.04247463,0.04755624,0.0134195965
0.066988036,0.03711588,0.02729625,0.06860605,0.008935957,0.06465865,0.007198704,0.01752432,0.022896586,0.042488135,0.047556877,0.013427382
0.06702276,0.03713733,0.02729919,0.06870076,0.008924069,0.064691275,0.0071998355,0.01751676,0.022900723,0.042503316,0.047555886,0.013435565
0.067062244,0.037161764,0.027304193,0.068779714,0.00891362,0.06472982,0.0072037904,0.017502233,0.022907872,0.04250484,0.047549345,0.013446017
0.06710406,0.037177607,0.027306171,0.06884554,0.008904395,0.06476966,0.0072070407,0.017489685,0.022915207,0.04251333,0.04754647,0.013456527
0.06714876,0.037198506,0.027310751,0.06890998,0.008896029,0.06481013,0.0072110714,0.017477404,0.022922408,0.042526253,0.04754391,0.013465393
0.06721371,0.037221346,0.027320553,0.06896688,0.008888801,0.06485548,0.0072153225,0.017462118,0.022931226,0.042537726,0.047543004,0.0134747205
0.067261,0.03723565,0.027321953,0.069018744,0.00888266,0.0648979,0.007219374,0.017447747,0.022942506,0.042547535,0.047539495,0.01348446
0.06730809,0.03726101,0.027324487,0.06909899,0.008876224,0.064934924,0.0072233505,0.01743336,0.022951478,0.042555552,0.04754015,0.013493604
0.06735151,0.03728643,0.027327972,0.06917979,0.008869569,0.06497227,0.007226743,0.017416572,0.022958627,0.042558864,0.04753548,0.013501845
0.06740068,0.03729795,0.02733325,0.06921583,0.008864377,0.065010175,0.0072300765,0.017403783,0.022971302,0.04256588,0.04753593,0.0135107655
0.067453064,0.0373108,0.027339155,0.069257215,0.008860712,0.06504621,0.0072343256,0.017393421,0.022982081,0.042577323,0.04754102,0.01352146
0.067498215,0.037322834,0.02734533,0.06930965,0.008857303,0.06508642,0.007238573,0.017382912,0.022994118,0.042590488,0.047547173,0.013531945
0.067536466,0.037335172,0.027354397,0.06935274,0.008854524,0.06511627,0.0072433236,0.01736768,0.02300768,0.042591944,0.04755422,0.0135452105
0.06756728,0.03734277,0.027364057,0.069392234,0.008851834,0.06513226,0.007247917,0.017354412,0.023023639,0.042603094,0.047558717,0.013558055
0.067627326,0.03735988,0.027360521,0.06945111,0.008847308,0.06517637,0.007253237,0.017332364,0.023034245,0.042610675,0.047546234,0.013563182
0.06770545,0.03739405,0.027355464,0.069531344,0.0088411225,0.06522076,0.007259622,0.017304813,0.02304846,0.042610254,0.047534116,0.013565282
0.067747526,0.03740734,0.02736655,0.06958018,0.008840408,0.065257296,0.0072631044,0.01729131,0.023059994,0.042624135,0.047538687,0.013574626
0.06780568,0.037420142,0.027370363,0.069633156,0.008835271,0.065273985,0.007269481,0.017267635,0.023081895,0.042629078,0.047538824,0.013586693
0.06786308,0.03743093,0.027375937,0.06969614,0.008833233,0.06529375,0.00727408,0.01724723,0.023097068,0.042650785,0.04753234,0.013592951
0.06792502,0.037447244,0.027376145,0.069744036,0.008828496,0.065318055,0.007277097,0.017231178,0.023103869,0.042652953,0.04753702,0.01360069
0.06797945,0.037466202,0.027378058,0.069773085,0.008826071,0.06534287,0.007280405,0.017222056,0.023115138,0.04265641,0.04754664,0.013606692
0.06801573,0.037482265,0.027379047,0.06980999,0.008822697,0.06536313,0.007283424,0.017212713,0.023124494,0.042658407,0.04755218,0.0136130545
0.06805911,0.037497766,0.027378667,0.069849916,0.008819784,0.06537846,0.0072863903,0.01720339,0.023132443,0.0426634,0.047550984,0.0136198625
0.068112195,0.037510425,0.027377449,0.06989037,0.008816145,0.06539568,0.0072889146,0.017192654,0.023137683,0.04266902,0.047553625,0.013626353
0.068143554,0.037523683,0.027376203,0.06992569,0.008812957,0.0654148,0.0072918204,0.017184285,0.023147088,0.042668484,0.04755841,0.013631884
0.06817004,0.03753705,0.02737838,0.06996058,0.008810629,0.0654289,0.007294321,0.017176041,0.023156274,0.042665895,0.047563575,0.013638671
0.06820332,0.037547458,0.027377162,0.06999878,0.008807361,0.065445594,0.00729758,0.017166924,0.023164684,0.04266394,0.047563653,0.013643693
0.06824612,0.037562013,0.02737744,0.07003581,0.008804689,0.0654542,0.007300413,0.017158605,0.023172809,0.042669155,0.04756931,0.0136492
0.11272029,0.01283668,0.018167939,0.06412989,0.01608827,0.058305655,0.0076572467,0.022748047,0.020048078,0.0440616,0.027076757,0.0071020317
0.07551761,0.01730072,0.026652215,0.045348696,0.020198885,0.059641484,0.0067929,0.02311115,0.02277221,0.04771039,0.032910082,0.008572932
0.07292317,0.014942332,0.023400284,0.048381526,0.019052792,0.060332626,0.007165383,0.023659823,0.02410511,0.046874072,0.033880334,0.0077250917
0.07592769,0.015916009,0.023001479,0.053750668,0.022739802,0.059773184,0.0072348835,0.022811474,0.023100285,0.043521233,0.036185965,0.007068379
0.073223576,0.017712306,0.024798017,0.053446442,0.02297843,0.061739616,0.0077676806,0.02326954,0.025076024,0.041211672,0.03845347,0.006804514
0.073014826,0.01721669,0.024684392,0.052325513,0.022799524,0.0628029,0.007783964,0.023550868,0.025674295,0.04099495,0.03786728,0.0066619506
0.07377215,0.01722681,0.024866737,0.051757086,0.02310218,0.06179393,0.007848426,0.02418489,0.0254167,0.04026165,0.03761087,0.00657374
0.07227652,0.017524067,0.02546304,0.050156437,0.02291881,0.05806407,0.008015462,0.02472714,0.025593357,0.039532933,0.037967797,0.006507278
0.07092869,0.016886108,0.026024964,0.04805746,0.022876624,0.051610723,0.007951302,0.02521662,0.025315728,0.038641166,0.037460703,0.0065849596
0.07091798,0.016152214,0.026439631,0.04596741,0.022797951,0.044283926,0.007929598,0.025738364,0.024812084,0.037352797,0.036923807,0.0067481846
0.070934206,0.015699929,0.026738886,0.04401915,0.022469424,0.038184807,0.007985153,0.026272768,0.024529744,0.035843436,0.036730792,0.006906843
0.0706223,0.015179965,0.02683503,0.042276952,0.022016054,0.034375478,0.007983432,0.026836766,0.02438169,0.03422143,0.036289707,0.0070282193
0.070367336,0.014692474,0.026775401,0.040910635,0.021626031,0.032396413,0.007969227,0.02744203,0.024282983,0.032736074,0.035692096,0.007107669
0.07003817,0.014351033,0.026731249,0.039875645,0.021389455,0.031415302,0.007981698,0.028063906,0.024254173,0.03150972,0.035161488,0.0071593574
0.069621764,0.014078194,0.026752926,0.039044455,0.021295628,0.030987361,0.008013794,0.02868714,0.024257192,0.030508403,0.03464826,0.0072072423
0.069267645,0.013856552,0.026823997,0.038400184,0.021306956,0.030895108,0.008080342,0.029319165,0.024252135,0.029713195,0.034154993,0.007264164
0.068861455,0.013717286,0.026958315,0.03794126,0.021414205,0.030999048,0.008199235,0.029957414,0.024266345,0.029097658,0.033735584,0.0073295133
0.06840636,0.013624239,0.027145656,0.037628967,0.02159591,0.031207694,0.008353617,0.03058344,0.024295634,0.028626734,0.033355564,0.0074022533
0.06792864,0.013552342,0.027355617,0.037401646,0.02181681,0.031478032,0.008523129,0.031178838,0.02432877,0.028250648,0.03299,0.0074791014
0.067482285,0.013503649,0.027571708,0.03722626,0.022071829,0.031771023,0.008693955,0.03171809,0.024362696,0.027970416,0.032645293,0.007562783
0.06704258,0.013477218,0.027800972,0.03706818,0.022372862,0.032073583,0.008863443,0.032181796,0.024397073,0.027757933,0.03230944,0.0076562143
0.06664583,0.0135238385,0.028127389,0.036933523,0.022880143,0.032412775,0.009068503,0.03252226,0.024437858,0.02765635,0.03198806,0.007795772
0.05147615,0.02221874,0.022450313,0.02340369,0.018114531,0.024770418,0.013866471,0.026563477,0.023524383,0.011295666,0.056157593,0.0023997952
0.04925438,0.014613356,0.020390326,0.017526735,0.018341003,0.027816987,0.009149672,0.025911495,0.019460117,0.014584072,0.058809634,0.0022389435
0.056021187,0.017493045,0.024566386,0.02686516,0.014831426,0.04157868,0.007595155,0.0272347,0.021405818,0.015308015,0.0598114,0.003433764
0.05675528,0.016891196,0.025481839,0.035818506,0.012236911,0.049063265,0.009297535,0.029952813,0.023291463,0.014724144,0.06199037,0.0030257083
0.061078683,0.017202245,0.026020521,0.035880487,0.011218925,0.04699164,0.009329547,0.030584093,0.026534138,0.015134816,0.061414503,0.0029655301
0.05462203,0.016832914,0.026818031,0.036888935,0.009877985,0.04693589,0.009518605,0.031448398,0.02887522,0.014227814,0.062123097,0.0028874066
0.05016557,0.017512035,0.026889069,0.04554378,0.0099004805,0.049538933,0.009448933,0.03431664,0.032668468,0.013158513,0.0608189,0.0028478357
0.047254074,0.018567286,0.028628374,0.050235003,0.009989298,0.053421773,0.009312468,0.035652135,0.035749216,0.0133144,0.058452755,0.002739589
0.044710763,0.019954845,0.030097086,0.053849876,0.010007962,0.05478821,0.009584679,0.0364711,0.036793843,0.013241044,0.05796671,0.0026566908
0.042226233,0.02099449,0.03149637,0.055573188,0.0101152025,0.052852437,0.009619246,0.037419893,0.03650184,0.013212965,0.056933116,0.0026527983
0.040819924,0.021361953,0.032979082,0.05482829,0.010065725,0.050070092,0.009621881,0.037598696,0.03585666,0.013287028,0.055827476,0.0026878472
0.040259574,0.02167955,0.03373143,0.054591313,0.009908528,0.04749988,0.009675268,0.037300568,0.035103418,0.0131370565,0.055533353,0.0027078923
0.040006123,0.022076223,0.034164384,0.05505585,0.009779604,0.04524824,0.00966367,0.03713588,0.034434658,0.012904938,0.055487573,0.002732011
0.039748725,0.02244847,0.03453205,0.05563502,0.009676292,0.043558694,0.009665414,0.037119817,0.033964563,0.012683974,0.055501197,0.002760577
0.0394032,0.022834824,0.03480652,0.05615266,0.009583578,0.042345323,0.009694774,0.03719409,0.03362006,0.01247393,0.05580865,0.0027875353
0.039003145,0.023276238,0.035208862,0.056474023,0.009521675,0.041422814,0.009765447,0.037244745,0.03327364,0.012326988,0.05640904,0.002829431
0.038562153,0.023730926,0.035950422,0.056383755,0.009471338,0.040647168,0.009908036,0.03704967,0.032840062,0.012275686,0.057238214,0.0028958966
0.0380813,0.02419435,0.036930125,0.056000352,0.0094224475,0.039994717,0.010098692,0.036504555,0.032356653,0.012255126,0.05818659,0.0029767344
0.0375078,0.02468053,0.038023476,0.05556654,0.009384422,0.039444264,0.010328153,0.035676327,0.03187191,0.012202941,0.05911287,0.0030669854
0.0368009,0.025199309,0.039159,0.055140615,0.009353596,0.038933165,0.0105896825,0.034622375,0.03136488,0.012088688,0.06001192,0.0031646984
0.052843466,0.013251354,0.018383,0.049899034,0.015281987,0.024246803,0.010587569,0.057754613,0.020958085,0.011981938,0.04391103,0.0017247612
0.04170144,0.012998386,0.023488013,0.029301694,0.020066584,0.024704115,0.010788505,0.04862494,0.019365363,0.012813274,0.04278616,0.0019683198
0.0383273,0.012940856,0.022503018,0.028653,0.021515172,0.029411696,0.008957981,0.03796947,0.020961236,0.013633506,0.041351505,0.0017425647
0.04065227,0.013611313,0.022708263,0.028197382,0.02301958,0.031790104,0.007373601,0.033930864,0.02062749,0.014464319,0.042901784,0.0017597425
0.049011104,0.015352362,0.02159879,0.03418626,0.0171708,0.048008606,0.007105384,0.032301553,0.017150149,0.015839377,0.04183438,0.0037619008
0.045228045,0.014110263,0.024543995,0.04084411,0.020359473,0.04148777,0.009082166,0.032625124,0.018871179,0.01895449,0.040608436,0.0033649907
0.047123756,0.016192188,0.026732143,0.041958816,0.024314787,0.03878906,0.007622166,0.03048817,0.01917369,0.01918381,0.04418627,0.0032199656
0.05071675,0.016943775,0.026800005,0.040666312,0.02596157,0.043658577,0.0077284332,0.029799975,0.018780297,0.021303639,0.039304323,0.003952669
0.043754496,0.026677074,0.02008578,0.02610458,0.027747344,0.0238721,0.010769672,0.028554084,0.015363841,0.009832841,0.059454974,0.0014708338
0.04618645,0.016291272,0.017328346,0.01717423,0.028709233,0.032498766,0.00722414,0.026237609,0.012050282,0.0128658,0.047758076,0.0015274886
0.042633973,0.012782586,0.015851185,0.017167665,0.031486385,0.040206302,0.006067691,0.025749844,0.011943889,0.014578179,0.043022636,0.0014243352
0.042890154,0.013193723,0.014624373,0.01726193,0.033754915,0.044114534,0.0061370186,0.024748769,0.011589652,0.015811438,0.043265074,0.0014291995
0.04374554,0.0136234695,0.01388997,0.015380319,0.04002066,0.043247666,0.0054932097,0.025396997,0.01091982,0.015084163,0.040912095,0.0013948613
0.04585193,0.020105448,0.021454914,0.025712483,0.029038688,0.05511583,0.00800106,0.033988174,0.013760545,0.016612167,0.042884734,0.0031908248
0.04748655,0.017732227,0.02357392,0.03381002,0.024119347,0.06363599,0.009677311,0.03736155,0.013777717,0.014226866,0.042595472,0.005807477
0.04904672,0.01722772,0.027500516,0.039375152,0.023658616,0.056407783,0.01399282,0.04282161,0.015955355,0.018433234,0.049419567,0.005801206
0.045717455,0.017623829,0.028896954,0.041531328,0.024729671,0.054663207,0.014212502,0.043912917,0.018114073,0.018963847,0.053212974,0.0062420755
0.046279166,0.018467972,0.03128194,0.045443,0.025119686,0.056809567,0.014736131,0.046589967,0.019694421,0.020235622,0.051595237,0.0076105795
0.046345126,0.019923387,0.03450552,0.04938855,0.024611216,0.054522224,0.0150905335,0.048989717,0.02228883,0.021636955,0.0552936,0.0085201645
0.047505423,0.021848729,0.03592861,0.05134531,0.02480667,0.05197977,0.015360647,0.049643055,0.02573193,0.022915034,0.05896355,0.009812879
0.051420394,0.024470678,0.037466124,0.05339139,0.02610286,0.052129865,0.016111376,0.05008579,0.030082574,0.024651656,0.061503384,0.011770691
0.05400463,0.026837928,0.039582588,0.05558348,0.027638396,0.05253368,0.017133567,0.050012335,0.0333772,0.026101565,0.06284468,0.013367765
0.05231903,0.02828771,0.041013297,0.05617307,0.027870769,0.051563296,0.01835534,0.048313495,0.03428546,0.02671035,0.06229782,0.0145125035
0.049228124,0.029428389,0.041957665,0.055900786,0.02729112,0.04879827,0.01978449,0.04586326,0.03402931,0.02679249,0.06055045,0.015599332
0.0468593,0.03033909,0.042138953,0.055445425,0.02629769,0.04518796,0.020823576,0.04364817,0.033817906,0.026423888,0.058730762,0.016322656
0.0447278,0.030808408,0.04150845,0.0549256,0.025378758,0.042083547,0.02136002,0.04204314,0.034095697,0.02574033,0.057572823,0.016591342
0.042472966,0.03091873,0.040371362,0.054489467,0.024817789,0.039962202,0.021677287,0.041098114,0.034915432,0.025061958,0.057389937,0.016724287
0.040917728,0.031169662,0.03947631,0.054604404,0.024760302,0.03890559,0.022014273,0.0406765,0.036046006,0.02468108,0.057925675,0.017008789
0.040311344,0.031782124,0.039192565,0.055408936,0.025064606,0.03856786,0.022390129,0.040474772,0.037191097,0.024551319,0.058604784,0.017403351
0.040128123,0.032561533,0.039284322,0.056276154,0.025412766,0.038445763,0.022748498,0.04018323,0.038053032,0.024520276,0.058772597,0.017791852
0.040021952,0.03333617,0.039481968,0.05663157,0.025641644,0.038186565,0.02308644,0.039710466,0.03848318,0.02454083,0.058205225,0.018153928
0.03988136,0.034008056,0.039621163,0.0564463,0.025714006,0.037636485,0.02339982,0.0390851,0.03854595,0.024578664,0.057172067,0.018490283
0.039682854,0.0345252,0.03961954,0.05599647,0.0256609,0.03686289,0.02365198,0.03840629,0.03849724,0.024605362,0.056038838,0.01880799
0.03944767,0.034874722,0.039470885,0.055494435,0.025561217,0.036075767,0.023826454,0.037800502,0.038565654,0.024626313,0.05497081,0.019113718
0.039210282,0.03510413,0.03921416,0.05510217,0.025503304,0.035464045,0.023937397,0.03734159,0.038839255,0.024670718,0.05397124,0.019423239
0.03902865,0.035291545,0.038942203,0.054860532,0.02555164,0.035104297,0.024031384,0.03703885,0.039291542,0.024776353,0.052962687,0.019776389
0.038966373,0.035522018,0.038737334,0.054777756,0.025727192,0.034962267,0.02414427,0.036833648,0.0398254,0.024965024,0.051877692,0.020194823
0.039017886,0.03580728,0.038599692,0.054728296,0.026006669,0.034943063,0.02428391,0.03664861,0.04032374,0.025224164,0.05065886,0.020673705
0.07049926,0.054171458,0.020921286,0.06947249,0.014384215,0.037711415,0.019477118,0.0144476425,0.08554573,0.0058027105,0.029335136,0.022220839
0.075440474,0.05706638,0.021462368,0.077476524,0.012767226,0.04016079,0.016360765,0.02252582,0.063355505,0.0058289277,0.02890074,0.020472832
0.08786528,0.053929597,0.020733895,0.08355424,0.015759386,0.03869515,0.020809386,0.022207385,0.062897325,0.006068441,0.03370902,0.023067424
0.0919621,0.054867197,0.018982405,0.09121052,0.014456368,0.036556475,0.019168803,0.020218685,0.063339025,0.0057364795,0.034725267,0.021378314
0.08603982,0.055035956,0.018696371,0.091588646,0.014339719,0.036368668,0.018299453,0.021029297,0.06870044,0.0058079013,0.033439446,0.021417988
0.077252686,0.055161897,0.018890651,0.087937154,0.016360465,0.037100438,0.01869704,0.020944525,0.074379064,0.0061687115,0.032375038,0.022374928
0.070038445,0.055001505,0.019116923,0.083238654,0.017459875,0.03662191,0.017838685,0.020460507,0.07468498,0.006319423,0.032731537,0.02226326
0.06485396,0.054039497,0.019226737,0.07914538,0.01825093,0.035969753,0.017570248,0.020244882,0.075141944,0.0064851474,0.032786313,0.022184445
0.060631193,0.05338469,0.019057442,0.07734061,0.020019507,0.035705253,0.017550636,0.0193139,0.07560375,0.0066240467,0.03196973,0.02225568
0.05717075,0.053331338,0.01891271,0.07785376,0.021781823,0.03596116,0.017308407,0.018426824,0.07582429,0.006666212,0.031327303,0.02198214
0.054676343,0.053436022,0.019180462,0.07797584,0.023224676,0.03635915,0.017274495,0.018095998,0.07720343,0.0068351203,0.031131443,0.021879064
0.052549075,0.053797532,0.019581676,0.07764986,0.024666741,0.03703857,0.017382463,0.017884182,0.0795895,0.0070477827,0.030882573,0.021997457
0.050684977,0.054583095,0.019986523,0.07771818,0.026091354,0.03795751,0.017531909,0.0177643,0.08199746,0.0072143595,0.030603763,0.022099385
0.04294203,0.049359772,0.02971342,0.062062796,0.034691125,0.04052884,0.02195404,0.021691963,0.055642523,0.012969641,0.035250917,0.02200884
0.067682125,0.04246076,0.017490413,0.06734148,0.018014114,0.03115023,0.012564215,0.012362021,0.06941638,0.005712899,0.024911795,0.020577751
0.06108972,0.05643987,0.021923175,0.073877476,0.022804704,0.036595885,0.017119883,0.016503956,0.070492245,0.007077638,0.03031624,0.021586169
0.061018467,0.0490948,0.019558227,0.07078047,0.024107663,0.040696263,0.018158862,0.016363252,0.08735433,0.0066455337,0.029274916,0.021846943
0.060998872,0.052706648,0.019255796,0.07928086,0.024132198,0.0432474,0.0174053,0.016974159,0.08313003,0.0067230305,0.029883478,0.021238012
0.056133926,0.0590771,0.020652907,0.0782136,0.023698092,0.04848195,0.017844317,0.018929651,0.092808165,0.0066484115,0.030575493,0.022256928
0.051625207,0.06123618,0.020902954,0.0791229,0.027226174,0.050496455,0.018508578,0.01982382,0.09969247,0.00683748,0.029132435,0.023451205
0.02299386,0.035961997,0.019219525,0.039406683,0.038796708,0.030150274,0.0044283504,0.031973522,0.038346436,0.002837651,0.024634698,0.029180503
0.028094573,0.03681888,0.02148464,0.041461762,0.035374016,0.031433344,0.0040656347,0.0323454,0.033053868,0.0036584123,0.02537246,0.021339353
0.0253883,0.032538615,0.026393192,0.03536151,0.03816311,0.030980634,0.0055423663,0.038430624,0.023383487,0.0056180675,0.02619809,0.018141845
0.031109845,0.03239286,0.02424369,0.036901228,0.03613772,0.034251817,0.004836919,0.044404097,0.020763658,0.0057902164,0.029230151,0.019570863
0.02896159,0.030918093,0.02142996,0.03942958,0.037324317,0.03450911,0.0050119865,0.045184817,0.020173816,0.0064931614,0.03056858,0.017011851
0.027572379,0.027896728,0.022239178,0.03942928,0.035791907,0.03440978,0.0055472804,0.04441192,0.020185728,0.007954011,0.03235857,0.017699402
0.028591618,0.026856298,0.021953337,0.04227996,0.034477256,0.03590588,0.005986663,0.047440976,0.019745983,0.0090775965,0.034943346,0.017757561
0.027689997,0.02631165,0.022076147,0.045411363,0.033515118,0.03644742,0.0064399117,0.050483238,0.019993814,0.009991642,0.036587927,0.017596688
0.027290156,0.025630496,0.023024004,0.046530843,0.03250303,0.03567345,0.0068578944,0.05238539,0.020181216,0.011143824,0.037430026,0.018136393
0.027460037,0.024971426,0.023374705,0.046586864,0.031469572,0.034194384,0.007025118,0.053829134,0.019869586,0.012246246,0.038310178,0.018609293
0.048373744,0.024349945,0.034530703,0.04656841,0.03896095,0.039180033,0.011136723,0.0845964,0.031717535,0.019855294,0.036820985,0.029510133
0.053419713,0.022301301,0.04074572,0.043816887,0.040096495,0.04155884,0.012388912,0.0704776,0.03927121,0.023518015,0.03477997,0.026872486
0.053751335,0.023621157,0.039858166,0.04655951,0.0389347,0.04018814,0.012157589,0.068139896,0.03502933,0.02578014,0.03716184,0.024886591
0.045288373,0.024121268,0.042992245,0.052539974,0.0401771,0.041252386,0.013221732,0.06897424,0.034729887,0.027057376,0.03915524,0.023792485
0.040303808,0.024943959,0.0438298,0.0537228,0.044162985,0.04221728,0.014111158,0.07370325,0.03573906,0.027945226,0.039398596,0.023571325
0.037580572,0.02609303,0.042377234,0.05423394,0.04894186,0.044110887,0.015296087,0.07930605,0.03679931,0.02855741,0.039702747,0.024955705
0.037410043,0.028462702,0.042915255,0.057390407,0.05317405,0.046113398,0.016516315,0.07976036,0.03866793,0.029672477,0.04028738,0.026575042
0.038388923,0.030171806,0.044174552,0.061199937,0.056635465,0.04752211,0.017589593,0.07526906,0.040073894,0.030292269,0.040452324,0.027937792
0.039984904,0.031495873,0.045546915,0.06288114,0.057114776,0.04698181,0.0186643,0.06716431,0.04046815,0.030928051,0.04042122,0.02910707
0.04080179,0.032595046,0.04645179,0.06263644,0.054971438,0.04425186,0.019426646,0.060443856,0.04038626,0.031023413,0.040787663,0.029748997
0.04044516,0.033272814,0.046036914,0.061315127,0.05191366,0.041058585,0.019761253,0.0565825,0.040292945,0.030233659,0.04134036,0.029563578
0.039347295,0.0336487,0.04448371,0.059545133,0.049391072,0.038620885,0.020001011,0.054872945,0.040540308,0.029219206,0.041811258,0.028973231
0.037921596,0.033943,0.042274013,0.057683654,0.04774386,0.03702689,0.020306207,0.054470688,0.041163307,0.028433314,0.042248465,0.028406816
0.03712444,0.03455387,0.040373445,0.056679238,0.046997212,0.0362432,0.020710047,0.05427344,0.042030185,0.028119348,0.042817775,0.028185733
0.037089236,0.035517525,0.039240822,0.05685187,0.046757665,0.035891496,0.021121662,0.053523112,0.04294129,0.028062988,0.043541938,0.028209398
0.037337665,0.036589455,0.038654074,0.057344478,0.046499748,0.03553093,0.021428924,0.052069716,0.04365823,0.02800943,0.04420042,0.02827456
0.037554245,0.037519198,0.038349688,0.057371993,0.04593572,0.034928385,0.021638421,0.050122757,0.044008397,0.027894206,0.044644494,0.028309494
0.03765744,0.0382031,0.03811377,0.056828108,0.04505377,0.034069482,0.021782588,0.04810867,0.044040706,0.02771355,0.044922996,0.02830107
0.03764691,0.038658936,0.037782706,0.055977818,0.043974567,0.03313938,0.021858307,0.04644913,0.043912895,0.027457733,0.045165695,0.028223237
0.03756197,0.03895272,0.037309073,0.05512884,0.042867657,0.03234676,0.02186342,0.0453468,0.04378424,0.027155427,0.04544747,0.028085127
0.03745633,0.039171096,0.036771487,0.05448706,0.041873734,0.031816006,0.021843372,0.044750195,0.043714665,0.026870036,0.04579405,0.027925111
0.037410334,0.03940811,0.036287107,0.054162554,0.041063428,0.031545237,0.02183133,0.044466022,0.04372489,0.026647646,0.046202913,0.027788177
0.037431546,0.039690915,0.035912868,0.054108396,0.040426094,0.031451672,0.021841783,0.044275146,0.043784685,0.02648684,0.046615634,0.027683223
0.037506603,0.039993178,0.035657827,0.05417843,0.039905164,0.031433146,0.021864185,0.044020426,0.043839797,0.026373254,0.046968758,0.027609155
0.037578564,0.040272485,0.035484202,0.05418782,0.039429992,0.031395376,0.021900762,0.043643758,0.043853354,0.026283829,0.047223262,0.027548462
0.037628666,0.040496193,0.03534813,0.054069534,0.038959946,0.031305578,0.021945598,0.043184504,0.043809727,0.026206551,0.04738228,0.027491769
0.037630204,0.04064858,0.03520121,0.053817898,0.038470857,0.031158397,0.021991674,0.042712748,0.043724645,0.026125427,0.047469214,0.027429568
0.03760383,0.04074464,0.035029337,0.05351189,0.037971653,0.030993378,0.022039792,0.04231751,0.043634884,0.026049742,0.047536332,0.027366688
0.03756423,0.040803656,0.034827087,0.053219505,0.037494354,0.030847307,0.022081835,0.0420324,0.043566037,0.02597427,0.04760112,0.027298423
0.03752277,0.040848337,0.03461868,0.05297668,0.037056126,0.03074193,0.022127146,0.041845925,0.04352688,0.025912378,0.047670446,0.027236275
0.03749075,0.040892657,0.034418423,0.0527999,0.036667336,0.030682057,0.02217093,0.04171568,0.043511428,0.025863653,0.04773768,0.027180033
0.037475906,0.040941462,0.034244355,0.052670367,0.03632854,0.03065228,0.022219751,0.041612584,0.04351139,0.02583216,0.04779273,0.027132586
0.037458505,0.040985577,0.034091365,0.05254346,0.03602339,0.030627036,0.022274375,0.041488707,0.04350641,0.025812248,0.047820814,0.027094778
0.037444856,0.041023303,0.033961162,0.05239513,0.035733186,0.03059356,0.022331484,0.041343413,0.043476682,0.025804738,0.047818094,0.027061755
0.037413742,0.04103889,0.03383571,0.052205253,0.035449564,0.030543858,0.022388527,0.041187182,0.043439217,0.025799144,0.047791507,0.027032694
0.03737839,0.0410376,0.033714697,0.051994674,0.035168663,0.030484172,0.022450076,0.04104087,0.04338692,0.025800122,0.047751557,0.027006276
0.037329055,0.041024953,0.033591226,0.05176254,0.034889393,0.03041444,0.022510303,0.04091812,0.043328173,0.025805676,0.04770178,0.02698499
0.0372739,0.04099469,0.033468924,0.051528465,0.03461726,0.030349607,0.022569707,0.040824194,0.043274786,0.02581803,0.047652144,0.026970033
0.037211612,0.040956825,0.03334998,0.05128297,0.034348715,0.030283168,0.022631595,0.040764716,0.043214712,0.025848502,0.047596205,0.026963994
0.03713551,0.0409225,0.033225667,0.050984822,0.034065254,0.030207189,0.022691993,0.04074407,0.043107897,0.025913222,0.047487132,0.026955806
0.03706957,0.040878896,0.03312521,0.05071996,0.03381104,0.030150367,0.022756016,0.040708385,0.04302875,0.025968185,0.04741315,0.026961561
0.03693268,0.040788926,0.033050466,0.050284304,0.033514824,0.030052597,0.022853289,0.04071729,0.042912073,0.02609646,0.047296777,0.027043369
0.036840066,0.040723294,0.032966934,0.049949754,0.033256017,0.029989516,0.022925846,0.040696472,0.042799238,0.026184492,0.047184434,0.027064342
0.03674626,0.04066158,0.03288775,0.04961339,0.03298905,0.029912371,0.023000354,0.04069056,0.042681374,0.026289364,0.04706167,0.027095396
0.036628515,0.040591877,0.032813154,0.04923075,0.032711428,0.0298286,0.023076339,0.04070182,0.042542398,0.026410785,0.046920717,0.02713681
0.036499213,0.040511444,0.032745846,0.04882078,0.032430578,0.02973922,0.023154316,0.040723003,0.042390373,0.026544027,0.046768423,0.027188843
0.03637053,0.040437054,0.03268202,0.04840978,0.032155592,0.029651219,0.023231015,0.040753566,0.042226765,0.02668438,0.04660986,0.027248614
0.036242917,0.040363394,0.032617223,0.048004583,0.03189393,0.029566802,0.023303984,0.04078352,0.04205299,0.026821012,0.046447884,0.027307611
0.03612676,0.040305015,0.03255875,0.04763101,0.031661376,0.02949212,0.0233718,0.04078869,0.041886784,0.02694191,0.046301585,0.027364803
0.036025617,0.040249325,0.032494124,0.047305256,0.031460293,0.029425684,0.023431104,0.040782835,0.041724548,0.027043946,0.04616722,0.027413886
0.035937153,0.04020389,0.03242948,0.04701252,0.031280167,0.02935871,0.02347749,0.040748637,0.041565698,0.02712693,0.04604923,0.027454084
0.041292183,0.029084813,0.008080701,0.1045815,0.0068643144,0.016314534,0.023189044,0.07885293,0.036107138,0.007146787,0.06003377,0.016155154
0.040648058,0.025676785,0.011495771,0.08497431,0.0055898405,0.019359618,0.018062301,0.06341191,0.04258163,0.0069384906,0.0512889,0.0138643645
0.04663134,0.026063016,0.013503116,0.09185287,0.006854397,0.021331206,0.022441497,0.056378994,0.04455505,0.007139161,0.05857181,0.015428407
0.045594998,0.023959175,0.011921878,0.09445794,0.0063683633,0.020911276,0.023086935,0.053030495,0.044961426,0.006591167,0.061448377,0.015046637
0.04446173,0.021819562,0.01144667,0.09143704,0.0057448866,0.020502416,0.02051519,0.05296576,0.046582427,0.0062179184,0.06085879,0.014819878
0.04249932,0.02032104,0.011029339,0.09173904,0.0054716454,0.020443272,0.02049725,0.051815342,0.047357943,0.0061158473,0.061837427,0.015517475
0.041359812,0.018789737,0.010269442,0.09108287,0.005126778,0.020840421,0.019539664,0.053062618,0.046799403,0.006034832,0.06212747,0.015027455
0.03980883,0.017740494,0.0100064445,0.08928601,0.0049406993,0.021529175,0.018860063,0.05394035,0.04577919,0.0060117026,0.061472304,0.0144918
0.038199544,0.017299958,0.0101179965,0.087890565,0.004870509,0.022316432,0.019182533,0.05339136,0.044723377,0.0061084926,0.060950164,0.014230042
0.03696399,0.01715942,0.010223895,0.08697937,0.004835127,0.02285655,0.019417686,0.053115755,0.043804105,0.0062134145,0.06059841,0.013866477
0.035850987,0.017098544,0.010350421,0.08616096,0.0047808867,0.023164192,0.019575758,0.05281322,0.043256577,0.006275972,0.06026104,0.013559355
0.034887154,0.017024908,0.0104732765,0.08571892,0.004713604,0.023398018,0.01973009,0.052412145,0.043008905,0.0063156486,0.06001137,0.01333525
0.034143228,0.016923964,0.010539638,0.085989565,0.00466023,0.02366132,0.019769328,0.052289557,0.042977687,0.0063418443,0.059861545,0.013097033
0.033584144,0.016828543,0.010607918,0.08677298,0.004624937,0.024004497,0.019786231,0.052258756,0.0430731,0.006366092,0.05982972,0.012877894
0.033150014,0.016732115,0.010694211,0.087868184,0.0046131616,0.024437774,0.019828906,0.05210413,0.043202035,0.006401844,0.059835337,0.012702694
0.03282548,0.016635662,0.010801913,0.089138135,0.0046176612,0.024905717,0.01988674,0.051738486,0.043350004,0.006444013,0.05980297,0.012561477
0.032608006,0.016577337,0.010907584,0.09039092,0.004627471,0.025355186,0.019923773,0.051108595,0.043439552,0.006484195,0.059675902,0.012414609
0.032450337,0.01650689,0.011039117,0.091482505,0.0046405285,0.025719,0.019985609,0.050118014,0.043583542,0.006518505,0.05947975,0.012334468
0.03235019,0.016447797,0.011183745,0.09234711,0.0046501346,0.025980843,0.020055724,0.048844848,0.043762393,0.0065457453,0.0592193,0.012299719
0.032312818,0.016399464,0.011325617,0.093062006,0.0046550524,0.026155438,0.02011685,0.047431387,0.043976843,0.006569055,0.05892247,0.012286039
0.032317236,0.016352572,0.011459939,0.09371566,0.0046564005,0.026277108,0.020172002,0.045937646,0.04424393,0.006588376,0.058617003,0.012289262
0.03232694,0.016279576,0.011579316,0.09439005,0.004654562,0.026352916,0.020247832,0.044341635,0.04465159,0.0066076918,0.05832365,0.012328986
0.030515768,0.015409829,0.0124671655,0.059525076,0.001487149,0.0443417,0.0068545984,0.015851058,0.027916007,0.018371886,0.031400166,0.008816341
0.040179588,0.012358529,0.02468495,0.037663177,0.003259773,0.044668853,0.006459716,0.01499779,0.022445664,0.022022994,0.038400024,0.009144564
0.03661086,0.016542748,0.030046882,0.046980157,0.0036003941,0.04814529,0.0073444634,0.019986197,0.024859078,0.027256772,0.040329862,0.010125192
0.03794688,0.017529083,0.03079046,0.06341715,0.003244953,0.05107673,0.0064028017,0.018928451,0.023233565,0.029927587,0.039269697,0.00854381
0.041211493,0.018513748,0.029359449,0.06433456,0.0040350985,0.055164956,0.006502526,0.019055396,0.025613528,0.027506104,0.041042555,0.008982058
0.040655017,0.020073129,0.026473133,0.07643589,0.0041754083,0.060177688,0.0071213543,0.018954884,0.024262914,0.029669117,0.042884108,0.010385701
0.0417472,0.021605494,0.024493614,0.090034455,0.004540433,0.067548595,0.007655413,0.018918244,0.023283867,0.03152317,0.042772498,0.011579873
0.04484242,0.023551246,0.025106765,0.09383794,0.0053210864,0.07354766,0.007959506,0.018810064,0.023074046,0.034145586,0.043768898,0.012017854
0.046685606,0.026442839,0.027054036,0.09546533,0.00589908,0.074915186,0.008415119,0.019371785,0.023438785,0.036486935,0.045658216,0.012258464
0.048863463,0.02841048,0.02848849,0.096082516,0.0062779654,0.07452776,0.008525318,0.019406553,0.023625188,0.0372612,0.046424065,0.012300242
0.051356994,0.029598357,0.029366938,0.09432543,0.006642648,0.0735477,0.008435526,0.019123258,0.023963826,0.036874015,0.046485838,0.012302478
0.05331342,0.030646754,0.029886764,0.091434136,0.0069380896,0.07219929,0.00840439,0.018914215,0.024386013,0.03620605,0.046699896,0.012334955
0.055217795,0.03140564,0.030040015,0.088116854,0.007178448,0.07125983,0.008363028,0.018752944,0.024697844,0.035902288,0.046961013,0.012394841
0.057220656,0.032047637,0.029965911,0.08522106,0.007362089,0.07069144,0.008292936,0.01865024,0.024812084,0.035921916,0.047214545,0.012441325
0.059296638,0.032752328,0.029975947,0.08249477,0.0074622463,0.06987162,0.008203573,0.01854666,0.024667455,0.036175348,0.047468867,0.012483561
0.061402313,0.0333325,0.029990543,0.07976273,0.0075032557,0.06909548,0.008077541,0.018375976,0.024334684,0.036467418,0.047602072,0.012511444
0.0631124,0.033739403,0.029828535,0.07750985,0.007537065,0.06868824,0.007953269,0.018177355,0.02400281,0.03661329,0.047652137,0.012525237
0.06420556,0.034095667,0.029600145,0.0759173,0.0075769005,0.06836948,0.007865257,0.018020855,0.023773367,0.03667894,0.047758803,0.012557182
0.06495514,0.034410167,0.029369721,0.07481421,0.007611375,0.06799287,0.0077992845,0.017909115,0.02363031,0.036757357,0.04791298,0.012603372
0.06562295,0.0347047,0.02913924,0.07404324,0.007635013,0.06758372,0.0077402946,0.017826568,0.02353316,0.036857106,0.048094194,0.012656544
0.06619475,0.035011683,0.028913151,0.07348257,0.007649479,0.06716226,0.007687164,0.017765807,0.023470797,0.03697505,0.04830159,0.012712369
0.06675936,0.03531927,0.028712591,0.07304098,0.0076534827,0.06669104,0.0076396177,0.017717004,0.023430543,0.03711796,0.04852719,0.012778327
0.06728614,0.03562668,0.0285363,0.07274847,0.007655192,0.066226825,0.007592632,0.017680742,0.02340771,0.037272256,0.048749726,0.012848606
0.06776892,0.0359242,0.028375331,0.07248747,0.007653515,0.065756135,0.0075488198,0.017657544,0.023388071,0.037427727,0.048968706,0.01291975
0.06824316,0.036198404,0.028244052,0.07223695,0.0076465504,0.06528658,0.007507905,0.017634507,0.023384718,0.037599273,0.04918747,0.013000688
0.068704925,0.036457364,0.028137038,0.07199917,0.0076368665,0.06479199,0.007468342,0.01761334,0.023379436,0.03777486,0.049391128,0.013083512
0.069115765,0.036716316,0.028025817,0.07179883,0.00762733,0.06434171,0.007431175,0.01761055,0.023364402,0.037932064,0.049577873,0.013156315
0.06948231,0.03700885,0.027890936,0.07169192,0.007625835,0.06398915,0.0073956945,0.017635077,0.023327699,0.0380261,0.049735855,0.013197754
0.07757532,0.018999396,0.022739835,0.08083784,0.012339464,0.04422443,0.0026343097,0.03369381,0.007598455,0.015627343,0.034390353,0.020274274
0.08005076,0.0158354,0.022627644,0.054167327,0.009856593,0.040516384,0.0023718453,0.035412114,0.009991529,0.018936228,0.032135725,0.021499675
0.0557018,0.016073843,0.021922413,0.055050254,0.008857261,0.03472882,0.0024573233,0.043764718,0.010803436,0.019861499,0.031241613,0.023749737
0.05590712,0.016990367,0.021838319,0.050874665,0.00996972,0.03329691,0.0024174866,0.04936422,0.010616093,0.020781217,0.03037844,0.025268696
0.05823686,0.019174716,0.02335698,0.04626458,0.011986857,0.03741365,0.0025828038,0.05542502,0.012871386,0.020307368,0.030762594,0.027704835
0.058175292,0.020553263,0.024316445,0.04298827,0.0126358485,0.037658837,0.0026960531,0.05803284,0.014032368,0.020079808,0.030550228,0.031135503
0.056837212,0.020966018,0.024049424,0.039500725,0.012651338,0.03650697,0.0028491956,0.05978917,0.01472343,0.020019308,0.030082857,0.034544192
0.056037772,0.020603035,0.02279912,0.03535477,0.012208495,0.034712788,0.0028980826,0.060186297,0.01579091,0.019280689,0.029891554,0.03623547
0.056820963,0.020262815,0.021988228,0.031809885,0.011735068,0.032778475,0.0029238362,0.05931112,0.01658379,0.0188695,0.030244993,0.038748946
0.05773393,0.01994162,0.021659097,0.029498322,0.01151097,0.03164931,0.0029750057,0.058843885,0.017010288,0.018816765,0.030897038,0.041102137
0.058308713,0.01955354,0.021368066,0.027934631,0.011491919,0.03097422,0.0030217608,0.058771886,0.017198835,0.018761085,0.03162235,0.042143002
0.057350576,0.011807361,0.01903964,0.037056483,0.017415186,0.039097734,0.0036817344,0.054313246,0.015371187,0.021284709,0.044025984,0.037173886
0.05827254,0.016709546,0.022088261,0.043017168,0.015429904,0.029862186,0.0036030964,0.046485182,0.019100526,0.018654162,0.046925418,0.030275913
0.06411104,0.017500045,0.03177832,0.042674944,0.020744193,0.035507277,0.0056076194,0.062525734,0.025812728,0.03331053,0.045242377,0.03385102
0.0716953,0.015078838,0.032364167,0.038609646,0.027044544,0.038960457,0.005542041,0.060706016,0.02696081,0.031867817,0.043166216,0.028368872
0.07173133,0.016422447,0.034497537,0.044149283,0.027952638,0.039503086,0.005844511,0.06040537,0.025549984,0.035069052,0.044453997,0.026857864
0.061951384,0.0166963,0.037422553,0.048275635,0.029813647,0.04229932,0.006922331,0.063577965,0.02717448,0.037143495,0.043966327,0.02660958
0.055571783,0.016954208,0.037779603,0.047730617,0.030896004,0.043490715,0.008329805,0.068928,0.02864685,0.03695004,0.043245554,0.02589248
0.049064226,0.0173735,0.035925027,0.04511718,0.030757887,0.0426985,0.009598676,0.07604764,0.030020116,0.03535012,0.043109372,0.025073651
0.046012785,0.018346123,0.035016157,0.044419628,0.03076988,0.041829027,0.011053781,0.07876939,0.032048263,0.034684226,0.04391475,0.025682157
0.04565117,0.01925125,0.034942217,0.04507406,0.031211358,0.04071018,0.012433319,0.07601088,0.033816416,0.034290437,0.04454821,0.026277795
0.045842756,0.019963892,0.035781696,0.04594132,0.031592876,0.039300684,0.013616121,0.070058264,0.034727965,0.034036927,0.045029085,0.026927901
0.045526862,0.02061384,0.036752496,0.046024617,0.0314006,0.037284855,0.014483003,0.06438915,0.03505483,0.03337309,0.04540755,0.027316093
0.044795375,0.021254988,0.037234318,0.045311403,0.030587323,0.034971263,0.015009883,0.06056735,0.035119575,0.032242257,0.045646496,0.02736397
0.043854434,0.021839585,0.037085265,0.044060912,0.02943239,0.032873414,0.015305995,0.058493204,0.03523007,0.030954054,0.045716573,0.027273947
0.04285876,0.022331454,0.036472622,0.042688396,0.028323907,0.0312837,0.0155078275,0.05762366,0.03554937,0.029792838,0.045769576,0.027305376
0.042239334,0.022859592,0.035747297,0.041794162,0.027480494,0.030308798,0.015727216,0.05716224,0.03610284,0.02894043,0.04593712,0.027522266
0.042024247,0.023446536,0.03527426,0.041412942,0.026979573,0.029809006,0.015942378,0.05653015,0.036720883,0.02844749,0.04618207,0.027821058
0.042043254,0.024082126,0.03503502,0.04130809,0.026631603,0.029543487,0.01614423,0.0553385,0.03724988,0.028168466,0.046371195,0.02802655
0.07134987,0.036777258,0.022793543,0.047422715,0.013267706,0.03335081,0.012084437,0.02107536,0.079958856,0.0048573758,0.02803096,0.031500027
0.07881325,0.043032758,0.022784112,0.05190044,0.011338166,0.035880968,0.01250828,0.031005215,0.062308032,0.0051161386,0.032010492,0.02578199
0.09598613,0.041468073,0.021251094,0.062207133,0.012429753,0.0376115,0.015705936,0.028244827,0.065927915,0.0051830825,0.03545593,0.027126461
0.10525025,0.041907083,0.018462634,0.06786599,0.010525961,0.033338014,0.014226109,0.024061434,0.06537623,0.004448128,0.036235936,0.024446653
0.101789095,0.041251417,0.017266314,0.07009998,0.009938196,0.030871866,0.013154978,0.022654124,0.06851673,0.0042643896,0.03555046,0.023676531
0.096968,0.042333145,0.016749509,0.0744092,0.010817842,0.031163542,0.013187423,0.021215027,0.072424345,0.0044114995,0.034969468,0.02405345
0.09298539,0.044380605,0.016913002,0.076967455,0.011154532,0.031435356,0.012727807,0.020703796,0.07546562,0.004455026,0.035792574,0.023796994
0.087605,0.045661103,0.017172353,0.076815784,0.011555921,0.03197503,0.012776239,0.020767875,0.07917383,0.0045861052,0.03648253,0.023771761
0.081804276,0.046225842,0.01723487,0.07511312,0.01245296,0.032438528,0.013040825,0.02033851,0.08132333,0.004750089,0.036447316,0.023758736
0.07776068,0.04625376,0.017316097,0.07277942,0.013120258,0.032622065,0.013285559,0.019898096,0.081820615,0.0048624445,0.036675,0.02343218
0.07483251,0.046004783,0.017357161,0.07027143,0.013603895,0.03263991,0.013634059,0.019598564,0.0828728,0.0049833786,0.036869295,0.023112012
0.0718916,0.046009712,0.017355438,0.06837548,0.01418825,0.032828808,0.013981423,0.019268481,0.08478987,0.0051017613,0.036642432,0.022856632
0.06913588,0.0462956,0.017409246,0.06731327,0.014795753,0.03335603,0.0142996805,0.019092908,0.08712314,0.0051969825,0.036249064,0.02264472
0.06677713,0.04686459,0.01755322,0.06692256,0.015439782,0.0341294,0.014651127,0.019082047,0.08974555,0.0052988576,0.035863355,0.022531984
0.06457683,0.04763091,0.0177453,0.066999584,0.016165905,0.03501516,0.014994297,0.019090211,0.092329405,0.0054039876,0.035428774,0.022482391
0.062487233,0.04846193,0.017952468,0.06734638,0.016943807,0.035886817,0.015294536,0.019078784,0.094543256,0.0055029965,0.034956932,0.022434443
0.06058698,0.049203917,0.018155003,0.067791164,0.017756779,0.036635555,0.015563755,0.019017875,0.096161276,0.005601825,0.03449837,0.022375094
0.058869082,0.049832355,0.018325541,0.06820117,0.018572057,0.037179526,0.015784502,0.018875506,0.09719671,0.005698027,0.034058947,0.02229083
0.05735449,0.050376385,0.0184705,0.06860968,0.019370584,0.037575528,0.015970066,0.018679673,0.0978627,0.005789285,0.03364556,0.022190941
0.05600839,0.05089638,0.01859552,0.069001496,0.020135071,0.037875142,0.016124481,0.018461512,0.09844515,0.0058758827,0.03324062,0.022089329
0.05479015,0.051457323,0.01871191,0.06940529,0.020882847,0.03815291,0.016255721,0.01824444,0.09909032,0.005958393,0.03284473,0.022007015
0.053696685,0.05208501,0.018832227,0.06981916,0.021614159,0.03845767,0.016378246,0.018053146,0.09982443,0.006038028,0.0324656,0.02194753
0.052676897,0.052782115,0.018958967,0.07025329,0.022356087,0.038795773,0.01649443,0.017880622,0.100613594,0.0061132135,0.032095797,0.021911042
0.05175614,0.05352868,0.019107053,0.07072959,0.02312236,0.039161675,0.016619109,0.01772615,0.101308234,0.0061910325,0.03175365,0.021904925
0.050875526,0.0542959,0.019262055,0.07121022,0.023914022,0.03952941,0.01674585,0.017579526,0.101859175,0.006264827,0.031441413,0.021910626
0.050045107,0.055064842,0.019428607,0.07167934,0.024746686,0.039884463,0.016877994,0.017435703,0.10225042,0.006338843,0.03114683,0.021932343
0.049275268,0.055862524,0.019611485,0.072187126,0.025623657,0.040216632,0.017021654,0.017286709,0.102417134,0.0064139203,0.03088458,0.021962887
0.04853011,0.05668294,0.019805841,0.07271565,0.026559904,0.04053089,0.01717625,0.017132748,0.102469265,0.006490376,0.030639956,0.022007339
0.047816746,0.057516795,0.02000996,0.073252395,0.02753566,0.04085284,0.017342942,0.016991194,0.102459505,0.006566563,0.03041171,0.022065176
0.047115188,0.058389276,0.020222165,0.07380141,0.028563587,0.041172378,0.017524272,0.016854243,0.10242794,0.00664634,0.03019388,0.022140536
0.04643973,0.059293963,0.020442495,0.0743701,0.029639404,0.041533086,0.01771517,0.016730987,0.102357686,0.0067260587,0.02998112,0.02222501
0.045773003,0.060207184,0.020658314,0.074900776,0.03073498,0.041909628,0.017916698,0.016621087,0.10229963,0.006805897,0.029782508,0.02232016
0.045116134,0.061120167,0.020862095,0.07536868,0.031832892,0.042305704,0.018118855,0.016524078,0.10229418,0.006886418,0.02957834,0.022425974
0.044495378,0.061995793,0.021046866,0.075760655,0.032906894,0.042716075,0.018321734,0.01643802,0.10225252,0.0069644717,0.029384688,0.022524452
0.04389621,0.06284339,0.021209,0.076085486,0.033952426,0.043129895,0.018518658,0.016355332,0.102184765,0.007039163,0.029192155,0.02261665
0.043321192,0.06364896,0.021341698,0.076277494,0.03493512,0.043543104,0.018709272,0.016284464,0.10217938,0.0071098837,0.029001227,0.02270538
0.04278599,0.06438488,0.021439906,0.07637012,0.03583429,0.043937925,0.018885186,0.016212186,0.10217188,0.0071780337,0.028811766,0.022790818
0.042278577,0.06507121,0.021511463,0.07637367,0.036661226,0.044334292,0.019050945,0.01614397,0.1021895,0.007240842,0.028622566,0.022865804
0.0418021,0.065720156,0.021557007,0.07627352,0.03741315,0.04469458,0.01919885,0.016079742,0.1022764,0.007300379,0.02844006,0.02293553
0.041358817,0.06632341,0.02157897,0.07611376,0.038079835,0.045038577,0.019339228,0.016017562,0.102392,0.00735763,0.028264951,0.023009764
0.0409459,0.06688092,0.02158399,0.07589722,0.038674276,0.045377422,0.019466002,0.015961437,0.102547675,0.0074091023,0.0280995,0.023076963
0.040551137,0.06740426,0.021570353,0.0756424,0.039195806,0.045694806,0.019575864,0.015902884,0.10273177,0.007457481,0.027935369,0.02314172
0.040190853,0.06791442,0.021545308,0.07535335,0.039675012,0.045996487,0.01968081,0.015852852,0.10294355,0.0075048152,0.027783833,0.023208123
0.039851226,0.06840384,0.021509515,0.0750661,0.04010815,0.046297602,0.019773649,0.015804034,0.103144415,0.0075476984,0.027633674,0.023261596
0.039543804,0.06888098,0.021469599,0.07477391,0.04050529,0.046580594,0.019863049,0.015759239,0.10336682,0.007588548,0.027495129,0.023313878
0.039246812,0.06934226,0.021421477,0.07445551,0.040840186,0.046837803,0.019934472,0.015715234,0.103623986,0.0076258173,0.027363896,0.023367396
0.03896716,0.06975473,0.02136803,0.07414188,0.04113913,0.047089644,0.020004721,0.01567777,0.10388651,0.007662832,0.027244551,0.023424748
0.03869287,0.07013874,0.02130954,0.073811635,0.041402947,0.047293812,0.02006784,0.015636962,0.10417369,0.007699485,0.027127672,0.023487667
0.038402144,0.07049902,0.02123815,0.073444426,0.041625876,0.047438234,0.02011392,0.015594156,0.104617625,0.007736614,0.027008204,0.023556344
0.038149454,0.070869654,0.021168917,0.07311775,0.04185174,0.047621682,0.020163504,0.015557642,0.1049606,0.007770007,0.026897669,0.023613952
0.02700423,0.05462919,0.021438831,0.06612898,0.0277638,0.052058153,0.019767605,0.023382017,0.057242244,0.004475795,0.053048313,0.009312436
0.033974256,0.04871946,0.023357555,0.054867335,0.0216001,0.052943613,0.017335322,0.026163697,0.05046036,0.0056589907,0.04792838,0.010202431
0.038500987,0.051740263,0.026222296,0.05604313,0.017109012,0.05189747,0.019147709,0.025062105,0.056580972,0.0056632883,0.05091587,0.0101879
0.030375589,0.051679138,0.027991576,0.058495965,0.015558029,0.056833234,0.016757019,0.024411516,0.05855609,0.0052342713,0.05143612,0.0066844146
0.030141236,0.055515848,0.031154567,0.06126128,0.016409736,0.06064818,0.015456775,0.024914853,0.055024315,0.005639082,0.05134531,0.0053739743
0.031967886,0.0595612,0.034823097,0.062219795,0.01675068,0.06309621,0.016285907,0.024249427,0.054438416,0.005961249,0.053858694,0.0050549596
0.03284312,0.06024187,0.037514586,0.061687242,0.016941879,0.064615004,0.016086511,0.023727749,0.052038588,0.006182929,0.05538381,0.0047144387
0.034225754,0.056409307,0.040389113,0.0596317,0.016498687,0.0627909,0.015851364,0.023466738,0.047589254,0.0066577676,0.057641238,0.0046211053
0.0355634,0.051372495,0.0425099,0.05674868,0.015483565,0.05858938,0.015770515,0.022765541,0.044183683,0.0070668133,0.05985683,0.0046229484
0.03615447,0.04578636,0.04393238,0.054540306,0.014112285,0.055485144,0.0154155595,0.022315718,0.042413596,0.00730682,0.060174394,0.0045619695
0.03609789,0.040353276,0.045061562,0.053007293,0.012800481,0.05407153,0.015043801,0.022288872,0.0412352,0.0074954797,0.059394423,0.004460985
0.035652474,0.036113933,0.045627423,0.05213048,0.011776145,0.0536505,0.014828082,0.02247823,0.040170476,0.0076161274,0.058761775,0.004342403
0.035055265,0.03315989,0.0455685,0.052093126,0.0110813435,0.054063,0.01464315,0.022935426,0.039284196,0.0077293804,0.058134973,0.00422346
0.03455207,0.031208303,0.045382433,0.052448023,0.010660328,0.0548144,0.014521651,0.023563448,0.038457587,0.007932487,0.057715002,0.0041425633
0.034247346,0.030070296,0.04538553,0.05267623,0.010431625,0.055426996,0.014519059,0.02415221,0.037534717,0.008217295,0.05787138,0.0041145827
0.034122188,0.0294251,0.045616947,0.052731022,0.010329912,0.05589691,0.014576639,0.024607971,0.036552083,0.008540543,0.058360472,0.004122457
0.034113426,0.029017955,0.045984615,0.05271327,0.010300228,0.056239583,0.014657944,0.02487515,0.035631634,0.00885853,0.05887537,0.0041456353
0.03415689,0.028743876,0.046343878,0.052663602,0.0103007145,0.05646658,0.014730573,0.024953717,0.034791417,0.0091211535,0.059300885,0.0041667866
0.03421703,0.028551208,0.04661472,0.052600384,0.010311142,0.056633357,0.014776984,0.024912363,0.034049824,0.009317954,0.059622154,0.004180834
0.034283943,0.02840257,0.046811562,0.05253144,0.010322983,0.05680036,0.014815202,0.02480047,0.033407673,0.009466217,0.05986674,0.004189427
0.034332175,0.02829062,0.046945743,0.05244772,0.010331112,0.056943078,0.0148555245,0.024617732,0.03286751,0.009571073,0.060060233,0.0041950764
0.03438231,0.028200574,0.046981715,0.052326705,0.010333511,0.057141025,0.014883506,0.024450181,0.032365263,0.0096620135,0.06018575,0.004189994
0.034413077,0.028178446,0.0471059,0.05207643,0.010318604,0.057017867,0.014921137,0.024254084,0.03191153,0.009765954,0.06017318,0.0041945744
0.034400456,0.028381778,0.047676638,0.051206537,0.010233314,0.055679277,0.014990423,0.02401934,0.031266868,0.009994978,0.059609674,0.0042345016
0.03433703,0.02883256,0.048635647,0.050006185,0.01011178,0.05361874,0.015068262,0.023646856,0.03037318,0.010284553,0.05842557,0.0042967065
0.03433898,0.02926669,0.049198877,0.0493541,0.010097896,0.05267905,0.015156737,0.023056341,0.029521149,0.010364698,0.057544943,0.0043106764
0.034388483,0.029728618,0.049333844,0.04896156,0.010127299,0.052166123,0.0152757745,0.022399755,0.028774383,0.010358127,0.05723567,0.0043231854
0.034485105,0.03023532,0.04929372,0.048547816,0.010179421,0.05180451,0.0153853735,0.021801952,0.028184649,0.010332925,0.057217993,0.004357714
0.034608576,0.03072729,0.049173933,0.048126493,0.010230716,0.051663697,0.015483435,0.02126893,0.027758755,0.0103054745,0.05729316,0.004402959
0.03475004,0.031211074,0.049001403,0.04773404,0.010282083,0.051693562,0.015573008,0.02077902,0.027446987,0.010286418,0.057393882,0.0044510877
0.03416684,0.022397855,0.030108418,0.04073044,0.005634931,0.054085143,0.016161803,0.016945373,0.04177665,0.0021519454,0.045165606,0.013710153
0.036976833,0.033507742,0.037227318,0.040424675,0.005287595,0.049808804,0.01613475,0.019099116,0.031499326,0.0030228747,0.05343265,0.015622957
0.040620856,0.025596147,0.045449547,0.038553685,0.00597316,0.044819277,0.018918943,0.022298418,0.037052993,0.002986091,0.05688751,0.017810702
0.045428067,0.024597265,0.047641143,0.041359168,0.005655292,0.044722572,0.015850775,0.025233142,0.03530604,0.0030497292,0.065973066,0.01982881
0.04469334,0.024444232,0.051826637,0.041069776,0.0060513895,0.049788684,0.016002186,0.027106743,0.037911423,0.0032002071,0.06468553,0.019588841
0.04753525,0.038257964,0.04118627,0.048871875,0.00918926,0.046540294,0.017406914,0.03136158,0.027030263,0.005033899,0.06833116,0.037179213
0.045211628,0.035552587,0.037151415,0.05099478,0.008384786,0.060437005,0.0179157,0.02890694,0.029498676,0.0044792113,0.07369827,0.025231313
0.047293574,0.037579052,0.032029677,0.053913947,0.0074554086,0.068121426,0.017792286,0.031162463,0.037747726,0.004532518,0.068382114,0.021399941
0.054435764,0.04066901,0.03146605,0.05876736,0.008306771,0.06864693,0.018889623,0.03101696,0.03402849,0.0058416943,0.060011905,0.027746346
0.055821218,0.04106769,0.029898932,0.063032076,0.008820759,0.07048344,0.018565947,0.030042581,0.038267333,0.00584031,0.06222981,0.023669465
0.056609258,0.04484813,0.029127419,0.066651516,0.009523695,0.06989917,0.019217916,0.030855361,0.046633165,0.005996699,0.059352905,0.0233956
0.056925822,0.04669175,0.027920505,0.06809748,0.010773935,0.067507416,0.019836618,0.029340416,0.051167205,0.00653531,0.05218229,0.025736934
0.056361787,0.046427675,0.02644982,0.06859659,0.011732989,0.06502233,0.019438917,0.027551439,0.05366697,0.0065306774,0.04877913,0.02465494
0.056548346,0.04625257,0.025025068,0.06809723,0.011944097,0.06134127,0.019073311,0.026564417,0.05651909,0.006464837,0.046748772,0.023750227
0.056821197,0.04631822,0.023723511,0.06757999,0.012281579,0.05735784,0.018838694,0.02512507,0.058664043,0.006517675,0.04459965,0.023651872
0.05681701,0.04662671,0.022581166,0.067372665,0.012465481,0.054549947,0.01837704,0.023877097,0.060721464,0.0064359345,0.043097477,0.023139654
0.056930974,0.047435682,0.021809205,0.06726313,0.012489869,0.052919984,0.018122612,0.023326999,0.06341296,0.0063394294,0.042301208,0.022791345
0.05691141,0.048663877,0.021321597,0.06735818,0.012636647,0.052072223,0.018089551,0.02300577,0.0663193,0.0062968116,0.04169649,0.022818025
0.056724004,0.050244063,0.021011323,0.0679218,0.0129116755,0.05193526,0.018080786,0.02279553,0.06919524,0.00623608,0.041107014,0.022867704
0.05646231,0.052110497,0.020852502,0.06866873,0.013364922,0.05211502,0.018138925,0.022640038,0.07194392,0.0061804773,0.040387005,0.022961672
0.05598819,0.054093707,0.020783946,0.06935209,0.014042109,0.052321337,0.018235458,0.022422733,0.074412055,0.0061458694,0.039551042,0.023097273
0.055456396,0.055954695,0.020811709,0.069922484,0.0148235,0.052476395,0.018341659,0.022269337,0.076693274,0.006146147,0.03886505,0.023271779
0.05516744,0.057543155,0.020957045,0.07047828,0.015659848,0.052605987,0.018549694,0.022292227,0.0789194,0.0062041343,0.038457602,0.023533462
0.031611964,0.02603432,0.023837335,0.054598637,0.017933251,0.03373638,0.007248071,0.03660758,0.033658545,0.0054813926,0.041637342,0.021692762
0.039916296,0.025289768,0.02810135,0.055458285,0.020388354,0.03626829,0.007935219,0.051838234,0.028719606,0.007879189,0.0432153,0.020423783
0.03636311,0.023931308,0.025850782,0.056346383,0.020539105,0.033371545,0.006899347,0.053139914,0.028879594,0.008854676,0.042208865,0.019444743
0.033175692,0.021774651,0.026384424,0.053840563,0.019980557,0.030233659,0.006019612,0.05264355,0.026179481,0.009843208,0.043188713,0.018063566
0.032840554,0.019486278,0.025674641,0.05429249,0.020370875,0.031994715,0.0059979046,0.05609778,0.025050135,0.010777208,0.042916894,0.017536648
0.031145161,0.017932598,0.024876324,0.055940725,0.020019641,0.032401107,0.0060403207,0.057746127,0.02460355,0.011567349,0.043429244,0.01682478
0.03006606,0.017710805,0.02449724,0.05733665,0.02009513,0.031507533,0.0060831215,0.060123324,0.023778986,0.012319989,0.04371977,0.016229909
0.02970949,0.017676255,0.024465663,0.057826288,0.02032243,0.030854482,0.006166277,0.061627325,0.022617143,0.01319304,0.0436337,0.016067911
0.029548742,0.017961482,0.024921887,0.05770395,0.020866418,0.029918697,0.006197649,0.06162781,0.021990862,0.014143501,0.04436765,0.016169
0.029882023,0.01845207,0.025690049,0.057882737,0.021645999,0.029054172,0.006173525,0.06137002,0.021511506,0.014988544,0.045129526,0.016686926
0.030688351,0.019052539,0.026737347,0.05698214,0.022314487,0.028208405,0.006153934,0.06043736,0.020921428,0.015907938,0.045693997,0.017561352
0.0315503,0.019656267,0.027683204,0.05555639,0.022830527,0.027127948,0.0060620257,0.05940923,0.020317689,0.016713666,0.046489466,0.018500894
0.03257687,0.020233449,0.028610557,0.05385527,0.023186382,0.02580792,0.005952017,0.058922973,0.01968636,0.017542308,0.04726719,0.019612288
0.03384982,0.020919548,0.02982598,0.050785482,0.023233894,0.02429256,0.0059533543,0.059447654,0.018921206,0.018917736,0.047873214,0.021041393
0.03525992,0.02177397,0.031135349,0.047728036,0.023156626,0.022935018,0.0060258345,0.060506336,0.018117793,0.02019097,0.04819629,0.022817357
0.036942642,0.022750624,0.03240966,0.045542397,0.023199052,0.021883354,0.0061198454,0.061205704,0.017393822,0.021128653,0.048501525,0.024745552
0.038894877,0.023796877,0.033691265,0.04382367,0.023343865,0.021066995,0.0062480415,0.061469913,0.016729316,0.022078782,0.049129553,0.026555339
0.040951744,0.024868738,0.034920678,0.042421985,0.023524016,0.020430444,0.0063860393,0.061530292,0.016137611,0.023036433,0.05002085,0.028128844
0.042973857,0.02592674,0.036058914,0.041330364,0.02372058,0.019947885,0.006506085,0.061487105,0.015628347,0.023961779,0.050974928,0.029439865
0.044816982,0.026893517,0.037113484,0.0404816,0.023912396,0.0196018,0.0065999,0.061362915,0.015191739,0.024851047,0.05179669,0.030514048
0.046357006,0.027709382,0.03805313,0.039854433,0.02409176,0.019360548,0.006662904,0.061215788,0.014819976,0.025664886,0.052414905,0.031339068
0.047585677,0.02838063,0.03886606,0.03940136,0.024258772,0.01919952,0.0066960277,0.061058532,0.014508883,0.026371043,0.052824587,0.031934127
0.048565082,0.028916739,0.039570354,0.03904905,0.024418104,0.019104924,0.0067135035,0.060889576,0.014247584,0.026986621,0.053050697,0.03235346
0.04932234,0.029325468,0.040165287,0.03876297,0.024565794,0.01905737,0.0067223967,0.0607168,0.0140292095,0.027508128,0.053133667,0.032631744
0.049922414,0.02966406,0.040653545,0.038512215,0.024723345,0.019042613,0.006726104,0.060553703,0.013849932,0.027941652,0.053115085,0.032807235
0.050401885,0.029911596,0.04104442,0.038293477,0.02486741,0.019053444,0.0067262026,0.060433786,0.013702199,0.028296527,0.053043082,0.032891177
0.050781775,0.030092081,0.041355435,0.038098168,0.025005931,0.019081583,0.0067257374,0.060351137,0.01358408,0.028577266,0.05293845,0.03292611
0.051072463,0.030222181,0.04159411,0.037910536,0.025128769,0.019121215,0.0067282645,0.060306117,0.013487563,0.028812086,0.052814227,0.032928932
0.051307812,0.030316673,0.041771498,0.037741374,0.025238354,0.019164441,0.0067305593,0.06029472,0.013409738,0.029006235,0.05268824,0.032916985
0.05150933,0.03039159,0.041910395,0.037590053,0.025347568,0.019211313,0.006735575,0.060305785,0.013346706,0.029170971,0.05258022,0.032904852
0.051676128,0.030444665,0.04200865,0.037449695,0.025443887,0.01926075,0.0067408667,0.06032809,0.0132963145,0.029306535,0.052470174,0.03288931
0.05180711,0.030484313,0.04208076,0.0373247,0.02552765,0.019309096,0.006747747,0.06036071,0.013255862,0.029427275,0.052375164,0.03287838
0.05192407,0.030514894,0.042139858,0.037213597,0.02560263,0.01935695,0.0067538954,0.060394887,0.013222435,0.029529173,0.052294068,0.03286944
0.052009474,0.030539801,0.042169537,0.037113823,0.025667405,0.01939711,0.006760369,0.060431127,0.013193034,0.029623047,0.05222289,0.03286261
0.052092914,0.030559681,0.042200953,0.037021957,0.02572528,0.019438066,0.0067676445,0.060476758,0.013170202,0.02970751,0.052166827,0.032864206
0.05217458,0.030577105,0.04222535,0.036948595,0.025775013,0.019474518,0.00677181,0.06052078,0.0131533565,0.029778818,0.05212614,0.032867916
0.05223373,0.030597698,0.042241197,0.0368779,0.025819875,0.019505829,0.006777168,0.06055077,0.013137842,0.029844776,0.052095026,0.0328706
0.05229404,0.03061342,0.042259023,0.036819838,0.025854673,0.019534098,0.0067816176,0.06059283,0.013126601,0.029907549,0.052074306,0.032880932
0.052346032,0.030627005,0.042273626,0.036771543,0.02588477,0.01956082,0.006784606,0.06062534,0.01311661,0.029960236,0.05206233,0.032889247
0.052396446,0.030638605,0.042285547,0.036724865,0.025914485,0.019585444,0.006788134,0.060653232,0.013107792,0.03001108,0.05204756,0.032900803
0.05244186,0.030652639,0.04230088,0.036686122,0.025933303,0.019604951,0.006790507,0.060674585,0.0131017985,0.030061258,0.052048575,0.03291206
0.052483115,0.030666437,0.042314988,0.036656708,0.025949022,0.019621922,0.006792656,0.060707934,0.013096398,0.03010598,0.05205958,0.032925434
0.059503466,0.02148208,0.05154672,0.040216256,0.033508398,0.026728565,0.0101611465,0.072276615,0.018219657,0.031316664,0.0409231,0.038273856
0.0591791,0.01773567,0.055145424,0.035281215,0.029696247,0.028155696,0.0101052765,0.058793984,0.019373905,0.03261782,0.03446853,0.030827805
0.056510825,0.017841367,0.0526308,0.03922926,0.027797846,0.027822502,0.009715851,0.05935497,0.018200524,0.03227479,0.03607915,0.027021999
0.044721767,0.01839053,0.052753296,0.044103708,0.02886183,0.028290547,0.01031208,0.06304365,0.019860292,0.03098611,0.038949594,0.024410028
0.038773045,0.019587554,0.05122089,0.04578338,0.033438407,0.031067431,0.011421133,0.07447583,0.023021992,0.030763201,0.041358817,0.024777276
0.036947783,0.02125539,0.049889583,0.047463153,0.038682744,0.034936808,0.013165449,0.08613746,0.026385793,0.031583358,0.042946436,0.026853787
0.03630931,0.022861565,0.049792722,0.050048538,0.04245608,0.038151957,0.0144940615,0.088386044,0.029563755,0.032327913,0.04415999,0.028194467
0.036649216,0.023876565,0.050902206,0.05137772,0.04491188,0.04020965,0.015848618,0.08127803,0.031662967,0.033027716,0.04471642,0.02929559
0.037737623,0.024754522,0.05254416,0.050990142,0.04527497,0.040556528,0.017317954,0.07108707,0.032300483,0.03380719,0.04458939,0.030152375
0.03834604,0.025704792,0.05406888,0.050133638,0.04428261,0.03912903,0.018331332,0.064048134,0.032365605,0.033968646,0.044627026,0.030415304
0.037992597,0.02641659,0.054350976,0.049045175,0.04298902,0.037276372,0.018753937,0.06078979,0.032387245,0.03327947,0.044466097,0.030038882
0.0369091,0.026784267,0.053379275,0.048024166,0.042245097,0.035950985,0.018951936,0.059969634,0.03267556,0.032304093,0.04415684,0.02964671
0.03553223,0.026961103,0.05160321,0.04744549,0.042124145,0.035265353,0.019111138,0.060693443,0.0333249,0.031415902,0.044098612,0.029595504
0.034626096,0.027264863,0.04991824,0.047577772,0.042591553,0.0352029,0.019359505,0.061769772,0.03425683,0.030822694,0.044404723,0.030016603
0.034358058,0.027765177,0.048842825,0.04821668,0.043260843,0.035472102,0.01972251,0.061975054,0.035205856,0.030506933,0.044817917,0.030600404
0.034401637,0.028359074,0.048213538,0.0488299,0.043676198,0.035628803,0.020113759,0.06089788,0.035869848,0.030306274,0.045017112,0.031016529
0.03448677,0.028947754,0.047754698,0.049090464,0.043659832,0.035394106,0.020480758,0.05888043,0.036160965,0.030070554,0.04498589,0.031189589
0.03448097,0.029462952,0.047266494,0.04900087,0.043207563,0.034736056,0.0207763,0.056589987,0.03618629,0.029719042,0.044884644,0.031150414
0.052102465,0.010370378,0.021433085,0.05532097,0.044839907,0.029683959,0.008902742,0.07513121,0.02793567,0.022634188,0.022218127,0.009126745
0.054940596,0.012044424,0.030065184,0.039291434,0.049483996,0.031878836,0.010050048,0.06948956,0.022379497,0.031062672,0.024218516,0.011585152
0.05827512,0.011738912,0.0305054,0.039188955,0.045535516,0.030297924,0.009912318,0.06717932,0.023940383,0.032817863,0.028091636,0.011170791
0.05955713,0.012849321,0.028836323,0.04227746,0.04799771,0.02955147,0.008900786,0.06940697,0.023114767,0.033098165,0.031044686,0.010255308
0.061197095,0.013763652,0.029231533,0.04015514,0.049423143,0.03148497,0.009267988,0.069525436,0.02150205,0.034163743,0.03236145,0.010497662
0.0633511,0.013697353,0.02867796,0.03822569,0.048693176,0.032098476,0.009634057,0.069222234,0.019800507,0.034907214,0.033191625,0.010711005
0.06483561,0.013373092,0.028043972,0.03576905,0.04696879,0.03302308,0.009620832,0.067927614,0.018287249,0.03428922,0.032911804,0.010788633
0.065609425,0.013253787,0.027969724,0.033318345,0.045244843,0.03400485,0.00970552,0.06458044,0.017393358,0.03427235,0.03256149,0.011061348
0.06523778,0.013139881,0.02777211,0.031688835,0.04377696,0.034443755,0.009841322,0.06181161,0.016828645,0.033913065,0.03222971,0.011179137
0.064357154,0.013047424,0.027583748,0.030429577,0.04273211,0.034670502,0.009919912,0.059717488,0.016401272,0.03319989,0.031801004,0.011215603
0.06343634,0.012937445,0.027533049,0.02940646,0.04192848,0.034878325,0.009977553,0.057938136,0.016104212,0.032457348,0.031366177,0.0112542305
0.06272362,0.012797806,0.027528394,0.028680677,0.041315284,0.035030555,0.010029485,0.056745064,0.015864735,0.031724572,0.030998556,0.011285625
0.062264837,0.012662636,0.02759621,0.028150894,0.040884543,0.03518113,0.01007334,0.05601078,0.015642753,0.031030891,0.030679502,0.011319943
0.06196548,0.012553298,0.027764585,0.027764874,0.04058874,0.03535937,0.0101172365,0.055438552,0.01544081,0.030445984,0.030406212,0.011368996
0.061811183,0.0124684805,0.028005317,0.02751819,0.040425695,0.03554653,0.010163088,0.055027243,0.015253984,0.02993053,0.030191172,0.011411349
0.06176407,0.01241759,0.028308157,0.027388046,0.040403385,0.03573319,0.010210014,0.054655828,0.015091655,0.029453889,0.03002092,0.011446168
0.061754625,0.012409027,0.028655132,0.027367748,0.040505104,0.035917398,0.01024659,0.054229613,0.014968415,0.028984917,0.029899409,0.011459605
0.06177393,0.012446898,0.029032154,0.027478417,0.040735897,0.036082808,0.010269335,0.053726107,0.014906959,0.028532788,0.029840084,0.01144804
0.06177714,0.012528971,0.029422414,0.027697988,0.041016802,0.036231507,0.010277072,0.05317054,0.014923402,0.028107135,0.029846206,0.011398709
0.061750982,0.012646628,0.029844157,0.027970353,0.041223254,0.036387157,0.010281196,0.052631732,0.015030856,0.027781576,0.029896807,0.011314656
0.06176068,0.012783958,0.03028553,0.028234165,0.041216966,0.036576454,0.010306754,0.052262902,0.01523194,0.027609074,0.029956318,0.011199587
0.061937112,0.012940715,0.030755542,0.028462041,0.040993843,0.03681134,0.010397475,0.052102584,0.015533226,0.027641786,0.030013159,0.011071095
0.062316436,0.01310514,0.031236736,0.02868443,0.040635027,0.037100285,0.010569312,0.05212766,0.015910812,0.027839905,0.030042695,0.010942193
0.06267761,0.013224408,0.031682234,0.028894953,0.040252328,0.037367634,0.010775999,0.05222863,0.016242094,0.028049095,0.030007992,0.010822225
0.062896706,0.013288785,0.03210644,0.029075218,0.039932027,0.03755472,0.0109601095,0.052268814,0.016450847,0.028173674,0.02993978,0.010729534
0.063006915,0.013324959,0.03252772,0.02923605,0.039686143,0.037657347,0.011101997,0.052216664,0.016564272,0.028228933,0.029873515,0.0106683485
0.06310715,0.013344044,0.0329253,0.029375194,0.03947779,0.03772857,0.0112065375,0.05211518,0.016627386,0.028241396,0.029809887,0.010631751
0.06316151,0.01334437,0.03327677,0.029492455,0.039287467,0.03779258,0.011284365,0.052006062,0.016666688,0.028212618,0.029733513,0.010605286
0.06320415,0.013328244,0.033571657,0.029595276,0.039098524,0.037833754,0.0113375615,0.05192344,0.016692795,0.028168049,0.029647866,0.010585201
0.063238025,0.013299261,0.03381898,0.02967955,0.03890921,0.037861045,0.011369494,0.051851656,0.016708998,0.028109651,0.029554145,0.01057021
0.06327135,0.013262738,0.034023996,0.029752191,0.0387206,0.037896954,0.011387892,0.051803593,0.016722603,0.028042784,0.029454911,0.010556399
0.06329496,0.0132196,0.034193967,0.029815342,0.03853521,0.037913613,0.011399779,0.051759016,0.016732067,0.02797375,0.029351752,0.010543259
0.063312635,0.013172639,0.03433287,0.029874407,0.038352836,0.037925556,0.011403428,0.051727258,0.01673975,0.027900465,0.029247569,0.010531327
0.06334491,0.013123519,0.03444688,0.029922577,0.038173694,0.037936468,0.011403944,0.05171021,0.016745284,0.027824022,0.029141294,0.010521353
0.06336827,0.013072182,0.034537185,0.029967358,0.03799969,0.037948024,0.011401573,0.05168459,0.016751299,0.027746249,0.029033417,0.0105109345
0.06339455,0.013018523,0.034616154,0.030006979,0.037831597,0.037953004,0.011397877,0.05166517,0.016753044,0.02767383,0.028928217,0.010503607
0.063415475,0.012965454,0.034678243,0.030042397,0.03766523,0.037958384,0.011393096,0.051647987,0.016755344,0.027601426,0.028823415,0.010495488
0.063445404,0.012912327,0.034735825,0.030072862,0.037506614,0.03796392,0.011389209,0.051616862,0.01675562,0.027527975,0.028718648,0.01048873
0.06345293,0.012860067,0.03477985,0.030110313,0.03734943,0.037968606,0.01138611,0.05159607,0.016756162,0.027456885,0.028621284,0.010480033
0.0634778,0.012809095,0.034825925,0.030139912,0.0372015,0.037967917,0.011381185,0.051579747,0.01675657,0.027390776,0.028527103,0.010474413
0.063485265,0.012754288,0.034863017,0.030168664,0.037054755,0.037961464,0.011377804,0.05156116,0.016755471,0.027320335,0.028432302,0.0104687745
0.06350792,0.012705954,0.034898218,0.030194325,0.036916595,0.037960332,0.011375976,0.051534444,0.016758157,0.027259793,0.02834615,0.010463422
0.06352823,0.012656712,0.034928273,0.030217953,0.036780648,0.037955407,0.011371756,0.051504992,0.01675514,0.027195018,0.028255235,0.010458787
0.06353374,0.012607876,0.034949794,0.030238999,0.036645755,0.037945673,0.011370079,0.05148003,0.016751472,0.027130166,0.028168146,0.010454578
0.06356722,0.012569551,0.034959503,0.030260323,0.03654154,0.037967168,0.011365459,0.051463753,0.01673964,0.027071187,0.028082002,0.0104437405
0.06357683,0.012523502,0.034979817,0.030283853,0.036425155,0.037964523,0.011364473,0.051438153,0.0167372,0.027013486,0.028000595,0.010440149
0.06359016,0.012478742,0.034998212,0.03030228,0.036311843,0.03795916,0.011361591,0.051406365,0.016732538,0.026958145,0.027920181,0.010436883
0.06360571,0.0124355145,0.035021316,0.030320331,0.03620156,0.037954632,0.011361055,0.051381174,0.016732547,0.02690646,0.027848378,0.010436401
0.06361738,0.012391135,0.03504442,0.030333737,0.036100417,0.03795135,0.011358994,0.051352024,0.016730562,0.026854469,0.027779296,0.010434988
0.063562155,0.012318655,0.035115205,0.030307999,0.03600657,0.03790943,0.011381785,0.051285513,0.016762229,0.026813064,0.02773306,0.010468384
0.063555904,0.01227978,0.035130117,0.030317908,0.035916086,0.03791049,0.011380847,0.05125462,0.016759478,0.02676749,0.027671682,0.010462098
0.06356562,0.012243644,0.03513344,0.030337784,0.035827354,0.037911538,0.011377633,0.051230807,0.016752478,0.026723107,0.027608078,0.01045408
0.06357412,0.012210231,0.035136804,0.030352067,0.035743505,0.03792131,0.011377826,0.05120598,0.016744899,0.026679227,0.02754329,0.010447004
0.063580394,0.0121774245,0.035145637,0.030368079,0.03566522,0.03793028,0.011376511,0.051174607,0.016739892,0.026635269,0.027485097,0.010439892
0.06359634,0.0121460995,0.03514972,0.030384524,0.03558854,0.03793785,0.011373006,0.05115194,0.016734594,0.026594996,0.027427137,0.0104332445
0.063602425,0.012116424,0.035156112,0.030399626,0.035516325,0.037949063,0.011371509,0.051120993,0.016729707,0.026558802,0.027370717,0.010427347
0.06360976,0.012087641,0.03516257,0.030408652,0.035450973,0.03795867,0.011371342,0.05108676,0.016723363,0.026522694,0.02731597,0.01042327
0.06361771,0.012057789,0.035166983,0.030416507,0.035386182,0.03796324,0.011371382,0.051058523,0.016715469,0.02648987,0.02726267,0.010419357
0.063632585,0.012032062,0.035169367,0.030425092,0.035325218,0.037973657,0.011370973,0.051023286,0.016708346,0.026455307,0.027209861,0.010416422
0.06364459,0.012007085,0.03517241,0.0304307,0.035266854,0.037984207,0.011369124,0.05099214,0.016705604,0.026419913,0.027163753,0.010412956
0.063662805,0.011982542,0.03517609,0.030435659,0.035213705,0.03800785,0.011372523,0.05095224,0.016699856,0.026392287,0.027113046,0.010412073
0.06367743,0.0119571425,0.03517897,0.030437453,0.0351655,0.038026787,0.011373959,0.05091867,0.016693423,0.026362756,0.02706406,0.010412249
0.063699365,0.011933551,0.03518599,0.030443918,0.03511593,0.038037308,0.011372314,0.050879337,0.016687568,0.026338568,0.027019221,0.010412102
0.06371057,0.011910122,0.035192925,0.030449107,0.035061065,0.038040135,0.0113721965,0.050848927,0.01668479,0.026311046,0.026979273,0.010410234
0.06372516,0.011886274,0.035193786,0.030452484,0.03501105,0.038054623,0.011372061,0.050806314,0.01667875,0.026286514,0.026933702,0.0104091
0.06373615,0.011863938,0.0351981,0.030457012,0.034961324,0.038060468,0.011370003,0.050767638,0.016674232,0.026261006,0.026893804,0.010405544
0.06375476,0.011842118,0.03519704,0.030464921,0.034910653,0.03806355,0.011368851,0.050729245,0.01666991,0.02623906,0.026854336,0.010404714
0.063769475,0.011817764,0.03519744,0.030457629,0.03486729,0.038070183,0.011369912,0.0506888,0.016666392,0.026215283,0.026812635,0.010407558
0.06378783,0.011798602,0.035199683,0.030464198,0.034816816,0.038070664,0.011366676,0.050635718,0.016662797,0.026194476,0.026775412,0.010405392
0.063798204,0.011779707,0.035198987,0.030475074,0.034770135,0.038063463,0.011364617,0.050595585,0.016660718,0.026172688,0.026739215,0.010401024
0.06380829,0.011762247,0.035196893,0.03048408,0.03472402,0.03806278,0.011361399,0.050557565,0.016658664,0.02615449,0.026706927,0.010397397
0.063818045,0.011744666,0.03519588,0.03049371,0.034678657,0.03806245,0.011358753,0.050513633,0.016656175,0.026137637,0.0266749,0.01039437
0.06383071,0.011727057,0.0351951,0.030504238,0.03463213,0.038060363,0.011354737,0.05046958,0.016654134,0.026118422,0.026641825,0.010390691
0.06384295,0.01171278,0.035193685,0.030515239,0.034592457,0.038060512,0.011353725,0.050430335,0.016652659,0.02610312,0.0266115,0.010388054
0.063857645,0.011696978,0.035192803,0.030523969,0.03455156,0.03805339,0.011349001,0.05038387,0.016648661,0.026086628,0.02658034,0.010384526
0.063870504,0.0116815865,0.03519095,0.030529674,0.034512583,0.0380486,0.011345347,0.050342243,0.016646475,0.026069637,0.026551418,0.010382037
0.063884474,0.011667446,0.035189055,0.030540122,0.03447264,0.03804645,0.011344775,0.05030093,0.016644267,0.026054066,0.026523357,0.01037967
0.06389008,0.0116538135,0.03518496,0.030549739,0.034431204,0.038039308,0.011341581,0.050257616,0.01664316,0.026038406,0.026496315,0.010375949
0.06390244,0.011639531,0.035185,0.030556902,0.03439123,0.038035005,0.011338535,0.050217584,0.01664138,0.026023688,0.026469171,0.010373046
0.06390548,0.011625555,0.035182152,0.030563854,0.034356322,0.03803191,0.011335884,0.05018226,0.016639974,0.026005596,0.026440986,0.010369472
0.06392458,0.011612228,0.035179723,0.030570997,0.034321122,0.038028568,0.011333208,0.050139356,0.016637243,0.025990255,0.026415603,0.010367193
0.0639234,0.011600364,0.035174303,0.030581685,0.03428737,0.038024165,0.011330893,0.050101582,0.016635863,0.025979877,0.02639137,0.010363579
0.063928515,0.011589171,0.03517045,0.030589204,0.034250587,0.038017616,0.011327444,0.050059807,0.016634857,0.025966004,0.026368259,0.010360054
0.06393658,0.01157715,0.0351684,0.030594084,0.03421375,0.03800783,0.011323326,0.050022136,0.016634123,0.025950389,0.026343798,0.010357247
0.06393901,0.01156385,0.035164397,0.030602181,0.034175366,0.037998043,0.011317397,0.04997229,0.016630279,0.025935171,0.0263171,0.010353401
0.06393984,0.01155236,0.035162766,0.03061091,0.03413987,0.037987307,0.011313001,0.049928803,0.016628712,0.025920475,0.026293648,0.010349605
0.063942954,0.0115421275,0.03516131,0.03061918,0.034102224,0.03798019,0.011307659,0.049889732,0.016630195,0.025904033,0.02627252,0.010345279
0.06393164,0.011529171,0.035155747,0.030626237,0.0340641,0.03796546,0.011301269,0.049852792,0.016628267,0.02588269,0.026248699,0.0103400275
0.06393032,0.011517792,0.03515167,0.030631512,0.034029264,0.03795255,0.01129655,0.049813945,0.01662592,0.025868796,0.026226198,0.010336003
0.063921176,0.011506945,0.03514609,0.03063578,0.03399064,0.03794214,0.01129056,0.049769696,0.016624995,0.025850212,0.026205786,0.010330604
0.06391552,0.011496389,0.03513988,0.030639056,0.033954035,0.037927374,0.011283918,0.049730595,0.016621875,0.02583513,0.026183533,0.010325882
0.063915424,0.011485556,0.03513827,0.030641148,0.03391733,0.03791424,0.011276771,0.049693134,0.016620792,0.025817063,0.026162561,0.010321969
0.06390869,0.0114753395,0.035135996,0.030645665,0.033878524,0.037895795,0.011269373,0.04964922,0.016618852,0.025798822,0.02614273,0.0103176255
0.06390428,0.011464197,0.0351337,0.030647958,0.033836998,0.037883658,0.011264061,0.04960765,0.016615978,0.025778512,0.02612063,0.010313765
0.06389674,0.011455294,0.035128623,0.030649392,0.03379209,0.037865166,0.011256602,0.049560186,0.01661501,0.0257571,0.026100019,0.0103093125
0.06389,0.011444166,0.035123557,0.030642323,0.033741914,0.037841428,0.011247132,0.049513243,0.016610695,0.025730025,0.026077373,0.010305582
0.06388814,0.011432746,0.035116583,0.030638795,0.033688407,0.03782009,0.011237835,0.049467146,0.016607003,0.025702033,0.02605258,0.010301502
0.063884884,0.011421461,0.035110217,0.030631127,0.03362537,0.037796255,0.011225608,0.049407315,0.01660304,0.025667127,0.02602509,0.010295588
0.06388698,0.011410919,0.03510803,0.030622374,0.033553604,0.037761714,0.011212891,0.049348753,0.016599178,0.025631443,0.0259989,0.010292153
0.06388031,0.011400096,0.035107125,0.030613191,0.033470336,0.037719622,0.011197221,0.049292535,0.016599124,0.025586152,0.025974827,0.010285703
0.06387934,0.011388805,0.03510513,0.030592555,0.03338262,0.03767614,0.011178337,0.04923386,0.016593086,0.025534842,0.025951175,0.010280997
0.06387761,0.011378256,0.035104226,0.030576156,0.033283267,0.037626486,0.011160435,0.049177166,0.016589459,0.025481923,0.025931833,0.010275238
0.06387415,0.011365631,0.03510476,0.030565025,0.033168435,0.0375587,0.011138303,0.04911637,0.016584776,0.025420822,0.025915803,0.010267729
0.0638731,0.011354877,0.03510832,0.030546818,0.03305196,0.03749144,0.011118102,0.04905706,0.01658022,0.025357826,0.025901578,0.01026025
0.06388582,0.011349241,0.035111934,0.030532552,0.03294438,0.037439574,0.011100909,0.048991237,0.016577499,0.025299704,0.025887465,0.010257182
0.06387118,0.011342229,0.03510821,0.0305218,0.032839403,0.03737957,0.011085848,0.04893406,0.016576923,0.025240073,0.025871908,0.010252424
0.06384341,0.011334098,0.035108734,0.030516217,0.032737825,0.03731843,0.011070416,0.048872396,0.01657756,0.025183976,0.025858859,0.010244931
0.06383432,0.011321373,0.035106074,0.030500608,0.03266971,0.03728076,0.011059678,0.04882557,0.01657418,0.025144946,0.025837967,0.0102404645
0.06383181,0.011305543,0.03510437,0.030490816,0.032613255,0.037255485,0.011047174,0.048779495,0.016570318,0.02511654,0.02581939,0.010234044
0.0638163,0.0113084,0.035078377,0.030502986,0.032502137,0.03721656,0.0110236,0.048650898,0.016567972,0.025051486,0.02579957,0.010210201
0.06380812,0.011302383,0.035083406,0.03049869,0.032462336,0.037210703,0.011011857,0.048567872,0.016567545,0.025032073,0.025777496,0.010203201
0.06381297,0.011293248,0.035084967,0.03049093,0.032437418,0.0372149,0.011002565,0.048515588,0.016564732,0.025015395,0.025755337,0.010197892
0.06380577,0.011280137,0.03508482,0.030479394,0.0324289,0.037224147,0.010997595,0.048486024,0.016557617,0.025002833,0.025729503,0.010196385
0.06380228,0.011268613,0.03508593,0.030471995,0.032429293,0.037237454,0.010994915,0.04847077,0.01655334,0.025000941,0.025711294,0.01019654
0.06379725,0.011259192,0.03509034,0.030466609,0.03244178,0.03725435,0.01099577,0.048467454,0.016549064,0.025002774,0.025694905,0.010198156
0.06378532,0.011251757,0.03508895,0.03046327,0.03246239,0.03727721,0.01099607,0.048459888,0.016543003,0.02500518,0.025673581,0.0101981135
0.06377218,0.0112455785,0.03508524,0.030463073,0.032480057,0.037300576,0.010993431,0.048447426,0.016537147,0.025007308,0.025652925,0.010195789
0.06374477,0.011239494,0.03508218,0.03046384,0.032496754,0.037321113,0.010989895,0.048423126,0.01653403,0.025015103,0.02563192,0.010191756
0.06370648,0.011231505,0.035083715,0.030461341,0.032508563,0.037338037,0.010982089,0.04838404,0.016528254,0.025012977,0.025606412,0.010185466
0.06367087,0.011220232,0.035081856,0.030458702,0.032508556,0.0373447,0.010975057,0.048347354,0.016521513,0.025009248,0.025580702,0.010180175
0.06363366,0.011208477,0.035083093,0.030453688,0.032509096,0.03734576,0.010971352,0.048323475,0.016517004,0.025003314,0.025561277,0.010177889
0.06360262,0.011198605,0.0350813,0.030447833,0.032518912,0.03734488,0.010974487,0.048318308,0.016516393,0.02500137,0.025549063,0.010178426
0.06357876,0.011190218,0.035079394,0.030443735,0.032531008,0.037349544,0.010976915,0.04831708,0.016514,0.025005907,0.025540339,0.010178792
0.06355505,0.011187823,0.035071045,0.030449832,0.032554336,0.03737317,0.010980208,0.048309658,0.016511545,0.025008695,0.025526963,0.0101753995
0.06354281,0.0111931935,0.03505244,0.030473044,0.03258933,0.037412062,0.010986404,0.048302896,0.016507596,0.025023647,0.025516575,0.01016877
0.06353714,0.011191177,0.03504121,0.030484917,0.03262585,0.037445962,0.010992089,0.048304036,0.016501179,0.025041152,0.025500337,0.010167594
0.063523024,0.011194876,0.03504048,0.030506158,0.03264601,0.03746667,0.010990275,0.048271373,0.01650059,0.02504259,0.025491828,0.010161649
0.06352073,0.011203907,0.035023,0.03055322,0.03264001,0.037493307,0.010990581,0.04821921,0.016504787,0.02503532,0.025482673,0.010149863
0.06348732,0.011203485,0.035013773,0.030562988,0.032650348,0.037502896,0.010990787,0.048204593,0.016503911,0.025039306,0.025475109,0.010145016
0.06348402,0.011204562,0.035017267,0.03056531,0.032661486,0.037505485,0.01098942,0.048200794,0.016502928,0.025041547,0.025475115,0.010144283
0.06347887,0.011203754,0.035014585,0.030564135,0.032662638,0.037507717,0.010989497,0.04819175,0.016500792,0.025044207,0.025471192,0.010144053
0.06348053,0.011204277,0.0350139,0.030565599,0.0326675,0.037509937,0.010988829,0.048185322,0.016499585,0.025044417,0.025469286,0.010144312
0.06347219,0.011202982,0.035011508,0.030564638,0.032670073,0.037507594,0.010989441,0.048183482,0.01649711,0.025043748,0.025466314,0.010144062
0.06347287,0.011202623,0.035012387,0.030564412,0.032669526,0.03750918,0.010989456,0.048182793,0.016497016,0.025043119,0.025467977,0.0101442505
0.06347565,0.011202581,0.0350143,0.03056536,0.03267151,0.03750877,0.010989746,0.048183724,0.016496422,0.025042558,0.025468295,0.010145212
0.063478746,0.011202676,0.03501535,0.030565552,0.032672048,0.037510272,0.010989715,0.048181448,0.016496459,0.025041908,0.025467437,0.010145547
0.06348246,0.011203485,0.035015784,0.030566413,0.032673236,0.037509564,0.010989383,0.04817464,0.01649587,0.025043508,0.025468431,0.010146193
0.063483424,0.01120322,0.035015408,0.030566039,0.03267352,0.037508663,0.010990248,0.04817352,0.016495267,0.025044585,0.025468966,0.010146668
0.06347926,0.01120294,0.03501381,0.030566052,0.032674287,0.037508283,0.010990736,0.04817079,0.016494486,0.025043905,0.025466751,0.010146989
0.063481584,0.011202728,0.035015084,0.030565642,0.032675304,0.037510052,0.01099154,0.04816679,0.01649352,0.025044354,0.025466237,0.0101474775
0.06348249,0.011202565,0.035013262,0.030566288,0.03267618,0.037513267,0.010992228,0.048163727,0.016492352,0.025043793,0.025464496,0.010148156
0.06348544,0.011202913,0.035012756,0.030566964,0.03267871,0.03751251,0.010993177,0.048163477,0.016491778,0.02504328,0.025464894,0.010148679
0.06348694,0.011203173,0.035012715,0.030567236,0.032679893,0.037513282,0.010994204,0.04816491,0.016491478,0.025044281,0.025464917,0.010149368
0.063484654,0.011203204,0.035012417,0.030567564,0.032680903,0.037513997,0.010995252,0.048162922,0.016490865,0.025045142,0.025464693,0.010149915
0.06348436,0.011203258,0.035012458,0.03056787,0.032681733,0.037514105,0.010995412,0.048163313,0.01649075,0.02504376,0.025464538,0.010150351
0.063480504,0.011203242,0.035011973,0.030568002,0.032683354,0.03751567,0.0109963445,0.048159946,0.016489621,0.025044667,0.025463343,0.010150658
0.06348264,0.011203575,0.03501092,0.03056806,0.032684017,0.037515238,0.010996476,0.04815583,0.01648871,0.025043793,0.025462056,0.0101505
0.06348454,0.011203785,0.03501154,0.030566636,0.032683,0.03751644,0.010996968,0.04815211,0.016488075,0.025043504,0.025461748,0.01015083
0.06348314,0.01120341,0.035011135,0.030566636,0.03268294,0.037517045,0.010996491,0.048152484,0.016487874,0.02504292,0.02546121,0.010151199
0.063487776,0.011203416,0.035010897,0.030566292,0.03268401,0.03751677,0.010996398,0.048149806,0.016486691,0.025043463,0.025461074,0.010151966
0.06348887,0.011204055,0.03501142,0.030566067,0.032684658,0.037517373,0.01099672,0.048146952,0.016486451,0.02504341,0.025461132,0.010152426
0.06348582,0.011203469,0.03500979,0.030566344,0.032683842,0.037515804,0.010996449,0.048147373,0.01648574,0.025042092,0.025460381,0.010152273
0.06348664,0.011203364,0.035009116,0.030566351,0.032684445,0.037515134,0.010997264,0.04814797,0.016485617,0.025041657,0.025460118,0.010152416
0.063487366,0.011203268,0.03500884,0.030565571,0.032683812,0.03751575,0.010997031,0.048146144,0.016484959,0.025041303,0.02545996,0.010152407
0.063488655,0.011203236,0.035009198,0.030564876,0.032683,0.037516072,0.010996792,0.04814451,0.016484704,0.025040532,0.025460072,0.010152561
0.063487634,0.011203036,0.035008866,0.030564228,0.032682627,0.037515204,0.010997155,0.04814473,0.01648458,0.025040876,0.025459824,0.010152954
0.06348584,0.011202798,0.035007868,0.030564506,0.032682285,0.037514463,0.010996922,0.048144974,0.016484736,0.025039911,0.025460215,0.010153039
0.06348523,0.011202698,0.03500797,0.030563327,0.032681566,0.037513725,0.010996963,0.048143275,0.016483845,0.025040295,0.025460126,0.010153096
0.06348485,0.011201984,0.035006903,0.030560814,0.03267929,0.037513,0.010995988,0.048143942,0.016482888,0.025038766,0.02545987,0.010152943
0.06348581,0.011202131,0.035007585,0.030561594,0.0326798,0.03751294,0.010996356,0.048143968,0.01648315,0.025038626,0.025459068,0.010153049
0.06348453,0.011202301,0.035006505,0.030560259,0.032680888,0.037513465,0.010995931,0.048141513,0.016482184,0.025038421,0.025458694,0.010153006
0.06348744,0.011201645,0.035005923,0.030562328,0.03268147,0.03751231,0.010996491,0.048144836,0.016483082,0.025038578,0.025458563,0.010153259
0.063485466,0.011201577,0.03500426,0.030561818,0.032679994,0.037512682,0.0109963305,0.04814336,0.016482431,0.025038043,0.025457777,0.010152896
0.063484065,0.0112015195,0.035003055,0.03056136,0.032680865,0.037512913,0.010996449,0.048147477,0.0164824,0.025036938,0.025458092,0.010153111
0.063487425,0.011200928,0.035002004,0.03056018,0.032679666,0.037514437,0.010996818,0.048147127,0.01648186,0.025036804,0.025457406,0.010153096
0.06348826,0.011201277,0.035001207,0.03056028,0.03267906,0.037512675,0.010996678,0.048148613,0.016481565,0.025036274,0.02545754,0.010153193
0.06348947,0.011200908,0.035001244,0.0305609,0.032679774,0.037514117,0.010996361,0.04814993,0.01648121,0.025036315,0.025457475,0.010153557
0.06349057,0.011200178,0.035001658,0.030560935,0.03267895,0.037513923,0.010996159,0.048148364,0.016481187,0.025036126,0.025456838,0.010154051
0.0634938,0.01120003,0.03500195,0.030562738,0.032678287,0.03751271,0.010995822,0.048149727,0.016480876,0.025035389,0.02545669,0.010154491
0.06349241,0.011199793,0.035000794,0.030562067,0.0326762,0.03751324,0.010995495,0.048148014,0.016480768,0.025035033,0.02545669,0.010154017
0.06349197,0.011200004,0.035000183,0.030562442,0.032675575,0.03751231,0.010995122,0.048148636,0.016481016,0.025033409,0.0254566,0.010154051
